# energy_keV counts
-4.74077 0
-4.49983 0
-4.25888 0
-4.01794 0
-3.77700 0
-3.53605 0
-3.29511 0
-3.05416 0
-2.81322 0
-2.57227 0
-2.33133 0
-2.09038 0
-1.84944 0
-1.60849 0
-1.36755 0
-1.12660 0
-0.88566 0
-0.64472 0
-0.40377 0
-0.16283 0
0.07812 0
0.31906 0
0.56001 0
0.80095 0
1.04190 0
1.28284 0
1.52379 0
1.76473 0
2.00568 0
2.24662 0
2.48756 0
2.72851 0
2.96945 0
3.21040 0
3.45134 0
3.69229 0
3.93323 0
4.17418 0
4.41512 0
4.65607 0
4.89701 0
5.13796 30
5.37890 98
5.61984 77
5.86079 88
6.10173 75
6.34268 68
6.58362 75
6.82457 50
7.06551 69
7.30646 50
7.54740 58
7.78835 70
8.02929 68
8.27024 73
8.51118 56
8.75212 61
8.99307 60
9.23401 60
9.47496 71
9.71590 77
9.95685 76
10.19779 63
10.43874 66
10.67968 57
10.92063 56
11.16157 77
11.40252 55
11.64346 68
11.88440 49
12.12535 58
12.36629 55
12.60724 74
12.84818 70
13.08913 65
13.33007 69
13.57102 67
13.81196 66
14.05291 64
14.29385 77
14.53480 59
14.77574 66
15.01668 71
15.25763 51
15.49857 75
15.73952 62
15.98046 79
16.22141 81
16.46235 46
16.70330 58
16.94424 54
17.18519 54
17.42613 74
17.66708 73
17.90802 79
18.14896 80
18.38991 74
18.63085 69
18.87180 66
19.11274 74
19.35369 64
19.59463 95
19.83558 70
20.07652 89
20.31747 64
20.55841 88
20.79936 72
21.04030 81
21.28124 93
21.52219 82
21.76313 97
22.00408 100
22.24502 109
22.48597 135
22.72691 103
22.96786 133
23.20880 154
23.44975 154
23.69069 180
23.93164 199
24.17258 207
24.41352 235
24.65447 254
24.89541 311
25.13636 317
25.37730 380
25.61825 426
25.85919 465
26.10014 542
26.34108 657
26.58203 734
26.82297 854
27.06392 976
27.30486 1104
27.54580 1226
27.78675 1520
28.02769 1677
28.26864 1900
28.50958 2083
28.75053 2327
28.99147 2558
29.23242 2860
29.47336 3039
29.71431 3368
29.95525 3523
30.19620 3721
30.43714 4003
30.67808 4061
30.91903 4118
31.15997 4101
31.40092 3951
31.64186 3971
31.88281 3737
32.12375 3653
32.36470 3399
32.60564 3198
32.84659 2939
33.08753 2736
33.32847 2523
33.56942 2302
33.81036 1994
34.05131 1785
34.29225 1709
34.53320 1553
34.77414 1374
35.01509 1323
35.25603 1264
35.49698 1161
35.73792 1052
35.97887 983
36.21981 935
36.46075 907
36.70170 791
36.94264 669
37.18359 694
37.42453 617
37.66548 577
37.90642 523
38.14737 415
38.38831 411
38.62926 322
38.87020 282
39.11115 234
39.35209 210
39.59303 178
39.83398 170
40.07492 123
40.31587 102
40.55681 69
40.79776 66
41.03870 68
41.27965 68
41.52059 50
41.76154 43
42.00248 71
42.24343 30
42.48437 40
42.72531 41
42.96626 12
43.20720 45
43.44815 28
43.68909 24
43.93004 31
44.17098 49
44.41193 26
44.65287 26
44.89382 26
45.13476 35
45.37571 24
45.61665 36
45.85759 47
46.09854 45
46.33948 41
46.58043 64
46.82137 88
47.06232 54
47.30326 76
47.54421 54
47.78515 80
48.02610 78
48.26704 68
48.50799 103
48.74893 72
48.98987 119
49.23082 130
49.47176 100
49.71271 122
49.95365 149
50.19460 141
50.43554 143
50.67649 136
50.91743 163
51.15838 139
51.39932 172
51.64027 143
51.88121 179
52.12215 178
52.36310 178
52.60404 195
52.84499 224
53.08593 213
53.32688 238
53.56782 209
53.80877 206
54.04971 240
54.29066 197
54.53160 216
54.77255 209
55.01349 231
55.25443 227
55.49538 195
55.73632 193
55.97727 202
56.21821 212
56.45916 179
56.70010 207
56.94105 194
57.18199 179
57.42294 191
57.66388 146
57.90483 174
58.14577 111
58.38671 114
58.62766 136
58.86860 147
59.10955 107
59.35049 123
59.59144 123
59.83238 100
60.07333 111
60.31427 92
60.55522 96
60.79616 90
61.03711 135
61.27805 118
61.51899 109
61.75994 113
62.00088 127
62.24183 121
62.48277 137
62.72372 129
62.96466 132
63.20561 127
63.44655 141
63.68750 142
63.92844 183
64.16939 159
64.41033 178
64.65127 171
64.89222 165
65.13316 189
65.37411 194
65.61505 156
65.85600 194
66.09694 188
66.33789 194
66.57883 185
66.81978 214
67.06072 233
67.30167 216
67.54261 207
67.78355 196
68.02450 240
68.26544 219
68.50639 207
68.74733 232
68.98828 230
69.22922 197
69.47017 217
69.71111 183
69.95206 246
70.19300 212
70.43395 202
70.67489 218
70.91583 190
71.15678 194
71.39772 218
71.63867 198
71.87961 208
72.12056 163
72.36150 204
72.60245 208
72.84339 245
73.08434 229
73.32528 221
73.56622 224
73.80717 234
74.04811 239
74.28906 254
74.53000 257
74.77095 264
75.01189 278
75.25284 310
75.49378 296
75.73473 291
75.97567 314
76.21662 325
76.45756 333
76.69850 381
76.93945 388
77.18039 440
77.42134 454
77.66228 436
77.90323 448
78.14417 483
78.38512 558
78.62606 527
78.86701 513
79.10795 620
79.34890 625
79.58984 649
79.83078 673
80.07173 724
80.31267 789
80.55362 864
80.79456 894
81.03551 935
81.27645 973
81.51740 1003
81.75834 1016
81.99929 1066
82.24023 1193
82.48118 1138
82.72212 1239
82.96306 1274
83.20401 1352
83.44495 1458
83.68590 1434
83.92684 1545
84.16779 1574
84.40873 1604
84.64968 1638
84.89062 1654
85.13157 1679
85.37251 1653
85.61346 1742
85.85440 1756
86.09534 1722
86.33629 1700
86.57723 1712
86.81818 1593
87.05912 1674
87.30007 1548
87.54101 1569
87.78196 1518
88.02290 1521
88.26385 1420
88.50479 1333
88.74574 1235
88.98668 1229
89.22762 1110
89.46857 1001
89.70951 944
89.95046 915
90.19140 833
90.43235 798
90.67329 755
90.91424 672
91.15518 606
91.39613 554
91.63707 470
91.87802 417
92.11896 413
92.35990 362
92.60085 290
92.84179 290
93.08274 269
93.32368 232
93.56463 183
93.80557 177
94.04652 168
94.28746 144
94.52841 136
94.76935 99
95.01030 105
95.25124 86
95.49218 74
95.73313 80
95.97407 85
96.21502 91
96.45596 85
96.69691 56
96.93785 64
97.17880 51
97.41974 70
97.66069 52
97.90163 59
98.14258 75
98.38352 52
98.62446 54
98.86541 45
99.10635 59
99.34730 45
99.58824 58
99.82919 58
100.07013 53
100.31108 57
100.55202 49
100.79297 37
101.03391 61
101.27486 64
101.51580 64
101.75674 61
101.99769 72
102.23863 48
102.47958 64
102.72052 35
102.96147 59
103.20241 77
103.44336 87
103.68430 56
103.92525 60
104.16619 66
104.40714 64
104.64808 55
104.88902 63
105.12997 58
105.37091 68
105.61186 75
105.85280 101
106.09375 70
106.33469 62
106.57564 68
106.81658 66
107.05753 81
107.29847 74
107.53942 80
107.78036 56
108.02130 96
108.26225 55
108.50319 70
108.74414 86
108.98508 79
109.22603 67
109.46697 78
109.70792 73
109.94886 60
110.18981 83
110.43075 82
110.67170 61
110.91264 89
111.15358 79
111.39453 80
111.63547 73
111.87642 79
112.11736 99
112.35831 109
112.59925 94
112.84020 92
113.08114 111
113.32209 97
113.56303 101
113.80398 111
114.04492 116
114.28586 102
114.52681 106
114.76775 118
115.00870 123
115.24964 126
115.49059 155
115.73153 127
115.97248 152
116.21342 126
116.45437 157
116.69531 141
116.93625 152
117.17720 117
117.41814 153
117.65909 168
117.90003 159
118.14098 181
118.38192 157
118.62287 162
118.86381 158
119.10476 158
119.34570 163
119.58665 192
119.82759 176
120.06853 175
120.30948 183
120.55042 185
120.79137 186
121.03231 223
121.27326 162
121.51420 188
121.75515 172
121.99609 194
122.23704 172
122.47798 190
122.71893 193
122.95987 166
123.20081 162
123.44176 168
123.68270 170
123.92365 159
124.16459 137
124.40554 184
124.64648 177
124.88743 162
125.12837 149
125.36932 132
125.61026 149
125.85121 134
126.09215 149
126.33309 131
126.57404 132
126.81498 127
127.05593 109
127.29687 135
127.53782 104
127.77876 100
128.01971 84
128.26065 107
128.50160 124
128.74254 108
128.98349 85
129.22443 114
129.46537 99
129.70632 82
129.94726 83
130.18821 81
130.42915 82
130.67010 82
130.91104 72
131.15199 76
131.39293 65
131.63388 75
131.87482 81
132.11577 73
132.35671 85
132.59765 79
132.83860 80
133.07954 76
133.32049 84
133.56143 75
133.80238 64
134.04332 63
134.28427 77
134.52521 86
134.76616 71
135.00710 89
135.24805 101
135.48899 85
135.72993 76
135.97088 80
136.21182 74
136.45277 69
136.69371 75
136.93466 88
137.17560 64
137.41655 52
137.65749 80
137.89844 62
138.13938 62
138.38033 79
138.62127 68
138.86221 83
139.10316 67
139.34410 80
139.58505 73
139.82599 87
140.06694 77
140.30788 74
140.54883 83
140.78977 81
141.03072 75
141.27166 86
141.51261 77
141.75355 70
141.99449 75
142.23544 72
142.47638 87
142.71733 65
142.95827 91
143.19922 70
143.44016 91
143.68111 78
143.92205 93
144.16300 81
144.40394 84
144.64489 93
144.88583 91
145.12677 94
145.36772 85
145.60866 84
145.84961 88
146.09055 90
146.33150 90
146.57244 88
146.81339 86
147.05433 70
147.29528 101
147.53622 100
147.77717 91
148.01811 97
148.25905 114
148.50000 72
148.74094 89
148.98189 97
149.22283 109
149.46378 90
149.70472 78
149.94567 94
150.18661 85
150.42756 109
150.66850 116
150.90945 81
151.15039 104
151.39133 120
151.63228 94
151.87322 90
152.11417 97
152.35511 105
152.59606 94
152.83700 91
153.07795 91
153.31889 96
153.55984 104
153.80078 108
154.04173 111
154.28267 100
154.52361 114
154.76456 86
155.00550 118
155.24645 105
155.48739 99
155.72834 110
155.96928 100
156.21023 89
156.45117 120
156.69212 133
156.93306 115
157.17401 97
157.41495 120
157.65589 98
157.89684 110
158.13778 109
158.37873 130
158.61967 93
158.86062 107
159.10156 117
159.34251 106
159.58345 115
159.82440 111
160.06534 105
160.30628 119
160.54723 121
160.78817 132
161.02912 107
161.27006 116
161.51101 121
161.75195 119
161.99290 123
162.23384 135
162.47479 129
162.71573 118
162.95668 119
163.19762 135
163.43856 129
163.67951 114
163.92045 103
164.16140 114
164.40234 129
164.64329 115
164.88423 102
165.12518 143
165.36612 120
165.60707 137
165.84801 116
166.08896 105
166.32990 121
166.57084 105
166.81179 114
167.05273 116
167.29368 91
167.53462 111
167.77557 108
168.01651 137
168.25746 96
168.49840 116
168.73935 129
168.98029 97
169.22124 94
169.46218 96
169.70312 104
169.94407 78
170.18501 98
170.42596 95
170.66690 104
170.90785 90
171.14879 115
171.38974 113
171.63068 89
171.87163 120
172.11257 94
172.35352 113
172.59446 108
172.83540 107
173.07635 103
173.31729 89
173.55824 98
173.79918 106
174.04013 104
174.28107 110
174.52202 101
174.76296 100
175.00391 97
175.24485 111
175.48580 96
175.72674 76
175.96768 68
176.20863 98
176.44957 99
176.69052 108
176.93146 106
177.17241 90
177.41335 96
177.65430 75
177.89524 92
178.13619 103
178.37713 94
178.61808 94
178.85902 87
179.09996 91
179.34091 110
179.58185 97
179.82280 103
180.06374 87
180.30469 84
180.54563 85
180.78658 104
181.02752 89
181.26847 79
181.50941 81
181.75036 79
181.99130 92
182.23224 89
182.47319 73
182.71413 94
182.95508 94
183.19602 85
183.43697 105
183.67791 96
183.91886 59
184.15980 82
184.40075 73
184.64169 94
184.88264 81
185.12358 90
185.36452 88
185.60547 75
185.84641 91
186.08736 97
186.32830 77
186.56925 84
186.81019 82
187.05114 86
187.29208 99
187.53303 85
187.77397 95
188.01492 104
188.25586 76
188.49680 77
188.73775 80
188.97869 89
189.21964 93
189.46058 76
189.70153 73
189.94247 72
190.18342 69
190.42436 85
190.66531 78
190.90625 94
191.14720 64
191.38814 93
191.62908 74
191.87003 86
192.11097 70
192.35192 83
192.59286 87
192.83381 90
193.07475 95
193.31570 92
193.55664 87
193.79759 80
194.03853 95
194.27948 85
194.52042 77
194.76136 73
195.00231 75
195.24325 90
195.48420 99
195.72514 94
195.96609 66
196.20703 86
196.44798 78
196.68892 73
196.92987 77
197.17081 102
197.41176 83
197.65270 86
197.89364 68
198.13459 86
198.37553 75
198.61648 62
198.85742 74
199.09837 83
199.33931 73
199.58026 89
199.82120 88
200.06215 77
200.30309 63
200.54404 60
200.78498 74
201.02592 87
201.26687 75
201.50781 80
201.74876 81
201.98970 69
202.23065 73
202.47159 61
202.71254 78
202.95348 79
203.19443 71
203.43537 69
203.67631 64
203.91726 62
204.15820 72
204.39915 82
204.64009 76
204.88104 78
205.12198 51
205.36293 75
205.60387 78
205.84482 72
206.08576 70
206.32671 61
206.56765 82
206.80859 75
207.04954 64
207.29048 56
207.53143 66
207.77237 50
208.01332 50
208.25426 60
208.49521 66
208.73615 63
208.97710 65
209.21804 53
209.45899 68
209.69993 70
209.94087 52
210.18182 54
210.42276 67
210.66371 61
210.90465 52
211.14560 63
211.38654 72
211.62749 52
211.86843 49
212.10938 63
212.35032 67
212.59127 64
212.83221 56
213.07315 63
213.31410 60
213.55504 60
213.79599 61
214.03693 46
214.27788 56
214.51882 73
214.75977 59
215.00071 71
215.24166 65
215.48260 59
215.72355 61
215.96449 74
216.20543 63
216.44638 53
216.68732 66
216.92827 64
217.16921 60
217.41016 70
217.65110 43
217.89205 53
218.13299 59
218.37394 61
218.61488 57
218.85583 75
219.09677 80
219.33771 51
219.57866 61
219.81960 60
220.06055 45
220.30149 67
220.54244 42
220.78338 70
221.02433 67
221.26527 67
221.50622 69
221.74716 64
221.98811 64
222.22905 65
222.46999 68
222.71094 65
222.95188 54
223.19283 69
223.43377 62
223.67472 58
223.91566 61
224.15661 64
224.39755 62
224.63850 59
224.87944 54
225.12039 62
225.36133 42
225.60227 52
225.84322 64
226.08416 59
226.32511 56
226.56605 56
226.80700 58
227.04794 76
227.28889 77
227.52983 45
227.77078 60
228.01172 46
228.25267 65
228.49361 48
228.73455 63
228.97550 49
229.21644 59
229.45739 63
229.69833 57
229.93928 58
230.18022 60
230.42117 50
230.66211 47
230.90306 55
231.14400 59
231.38495 75
231.62589 76
231.86683 57
232.10778 56
232.34872 63
232.58967 60
232.83061 53
233.07156 62
233.31250 53
233.55345 51
233.79439 48
234.03534 69
234.27628 53
234.51723 59
234.75817 61
234.99911 45
235.24006 53
235.48100 55
235.72195 65
235.96289 81
236.20384 64
236.44478 69
236.68573 47
236.92667 56
237.16762 61
237.40856 57
237.64951 53
237.89045 41
238.13139 42
238.37234 53
238.61328 56
238.85423 56
239.09517 35
239.33612 48
239.57706 50
239.81801 56
240.05895 52
240.29990 61
240.54084 49
240.78179 56
241.02273 45
241.26367 50
241.50462 61
241.74556 48
241.98651 42
242.22745 31
242.46840 49
242.70934 55
242.95029 55
243.19123 40
243.43218 44
243.67312 53
243.91407 61
244.15501 62
244.39595 56
244.63690 54
244.87784 37
245.11879 58
245.35973 48
245.60068 40
245.84162 45
246.08257 45
246.32351 43
246.56446 47
246.80540 45
247.04634 56
247.28729 54
247.52823 47
247.76918 49
248.01012 57
248.25107 46
248.49201 45
248.73296 49
248.97390 58
249.21485 57
249.45579 50
249.69674 45
249.93768 50
250.17862 42
250.41957 48
250.66051 44
250.90146 49
251.14240 39
251.38335 52
251.62429 41
251.86524 43
252.10618 55
252.34713 43
252.58807 46
252.82902 52
253.06996 51
253.31090 47
253.55185 41
253.79279 49
254.03374 49
254.27468 40
254.51563 53
254.75657 51
254.99752 61
255.23846 52
255.47941 61
255.72035 46
255.96130 56
256.20224 54
256.44318 54
256.68413 51
256.92507 59
257.16602 65
257.40696 66
257.64791 69
257.88885 58
258.12980 71
258.37074 69
258.61169 73
258.85263 51
259.09358 57
259.33452 49
259.57546 67
259.81641 52
260.05735 66
260.29830 65
260.53924 74
260.78019 66
261.02113 70
261.26208 61
261.50302 64
261.74397 75
261.98491 60
262.22586 75
262.46680 79
262.70774 54
262.94869 72
263.18963 58
263.43058 59
263.67152 72
263.91247 89
264.15341 75
264.39436 86
264.63530 101
264.87625 83
265.11719 90
265.35814 93
265.59908 80
265.84002 82
266.08097 85
266.32191 82
266.56286 97
266.80380 87
267.04475 83
267.28569 92
267.52664 88
267.76758 95
268.00853 112
268.24947 87
268.49042 92
268.73136 93
268.97230 100
269.21325 97
269.45419 88
269.69514 84
269.93608 124
270.17703 110
270.41797 107
270.65892 115
270.89986 106
271.14081 123
271.38175 108
271.62270 107
271.86364 110
272.10458 110
272.34553 103
272.58647 109
272.82742 109
273.06836 125
273.30931 99
273.55025 120
273.79120 114
274.03214 137
274.27309 108
274.51403 126
274.75498 106
274.99592 116
275.23686 106
275.47781 138
275.71875 114
275.95970 123
276.20064 121
276.44159 119
276.68253 128
276.92348 97
277.16442 116
277.40537 137
277.64631 133
277.88726 115
278.12820 126
278.36914 133
278.61009 104
278.85103 121
279.09198 127
279.33292 131
279.57387 122
279.81481 116
280.05576 120
280.29670 128
280.53765 123
280.77859 128
281.01954 112
281.26048 144
281.50142 134
281.74237 115
281.98331 132
282.22426 127
282.46520 119
282.70615 129
282.94709 129
283.18804 125
283.42898 135
283.66993 140
283.91087 165
284.15182 121
284.39276 143
284.63370 142
284.87465 117
285.11559 129
285.35654 139
285.59748 132
285.83843 141
286.07937 145
286.32032 148
286.56126 131
286.80221 145
287.04315 145
287.28410 108
287.52504 157
287.76598 135
288.00693 134
288.24787 155
288.48882 154
288.72976 142
288.97071 146
289.21165 137
289.45260 175
289.69354 147
289.93449 149
290.17543 163
290.41637 182
290.65732 166
290.89826 161
291.13921 165
291.38015 173
291.62110 171
291.86204 172
292.10299 200
292.34393 180
292.58488 182
292.82582 174
293.06677 182
293.30771 171
293.54865 182
293.78960 183
294.03054 191
294.27149 167
294.51243 192
294.75338 177
294.99432 202
295.23527 173
295.47621 188
295.71716 213
295.95810 219
296.19905 216
296.43999 206
296.68093 197
296.92188 192
297.16282 225
297.40377 196
297.64471 201
297.88566 188
298.12660 211
298.36755 217
298.60849 221
298.84944 195
299.09038 209
299.33133 217
299.57227 221
299.81321 218
300.05416 217
300.29510 222
300.53605 258
300.77699 242
301.01794 209
301.25888 216
301.49983 210
301.74077 225
301.98172 223
302.22266 218
302.46361 190
302.70455 211
302.94549 193
303.18644 217
303.42738 207
303.66833 216
303.90927 227
304.15022 216
304.39116 216
304.63211 204
304.87305 238
305.11400 212
305.35494 228
305.59589 226
305.83683 217
306.07777 213
306.31872 185
306.55966 212
306.80061 231
307.04155 191
307.28250 211
307.52344 208
307.76439 213
308.00533 199
308.24628 183
308.48722 201
308.72817 205
308.96911 213
309.21005 179
309.45100 205
309.69194 188
309.93289 189
310.17383 180
310.41478 206
310.65572 196
310.89667 171
311.13761 170
311.37856 165
311.61950 170
311.86045 197
312.10139 152
312.34233 199
312.58328 170
312.82422 172
313.06517 164
313.30611 173
313.54706 170
313.78800 161
314.02895 174
314.26989 172
314.51084 150
314.75178 139
314.99273 145
315.23367 149
315.47461 118
315.71556 141
315.95650 150
316.19745 133
316.43839 130
316.67934 125
316.92028 137
317.16123 130
317.40217 129
317.64312 115
317.88406 131
318.12501 106
318.36595 114
318.60689 112
318.84784 117
319.08878 111
319.32973 120
319.57067 114
319.81162 127
320.05256 103
320.29351 92
320.53445 107
320.77540 110
321.01634 105
321.25729 104
321.49823 99
321.73917 94
321.98012 99
322.22106 101
322.46201 100
322.70295 75
322.94390 88
323.18484 93
323.42579 103
323.66673 83
323.90768 94
324.14862 85
324.38957 95
324.63051 85
324.87145 101
325.11240 82
325.35334 92
325.59429 100
325.83523 116
326.07618 109
326.31712 90
326.55807 104
326.79901 105
327.03996 99
327.28090 104
327.52185 103
327.76279 116
328.00373 107
328.24468 84
328.48562 122
328.72657 129
328.96751 120
329.20846 119
329.44940 127
329.69035 122
329.93129 134
330.17224 138
330.41318 109
330.65413 127
330.89507 139
331.13601 139
331.37696 145
331.61790 154
331.85885 149
332.09979 166
332.34074 142
332.58168 162
332.82263 172
333.06357 183
333.30452 174
333.54546 168
333.78640 154
334.02735 196
334.26829 183
334.50924 190
334.75018 195
334.99113 192
335.23207 223
335.47302 220
335.71396 221
335.95491 230
336.19585 237
336.43680 232
336.67774 229
336.91868 255
337.15963 235
337.40057 248
337.64152 255
337.88246 285
338.12341 252
338.36435 281
338.60530 287
338.84624 292
339.08719 262
339.32813 262
339.56908 303
339.81002 274
340.05096 313
340.29191 333
340.53285 357
340.77380 329
341.01474 363
341.25569 334
341.49663 332
341.73758 361
341.97852 344
342.21947 369
342.46041 345
342.70136 326
342.94230 316
343.18324 359
343.42419 393
343.66513 400
343.90608 411
344.14702 360
344.38797 363
344.62891 417
344.86986 378
345.11080 374
345.35175 417
345.59269 412
345.83364 416
346.07458 419
346.31552 441
346.55647 430
346.79741 459
347.03836 426
347.27930 442
347.52025 491
347.76119 501
348.00214 452
348.24308 453
348.48403 452
348.72497 476
348.96592 456
349.20686 505
349.44780 463
349.68875 477
349.92969 480
350.17064 511
350.41158 466
350.65253 496
350.89347 501
351.13442 531
351.37536 489
351.61631 453
351.85725 507
352.09820 476
352.33914 576
352.58008 510
352.82103 538
353.06197 505
353.30292 485
353.54386 569
353.78481 514
354.02575 500
354.26670 537
354.50764 519
354.74859 494
354.98953 483
355.23048 519
355.47142 518
355.71236 504
355.95331 507
356.19425 532
356.43520 509
356.67614 559
356.91709 538
357.15803 520
357.39898 507
357.63992 549
357.88087 503
358.12181 493
358.36276 546
358.60370 520
358.84464 528
359.08559 508
359.32653 509
359.56748 494
359.80842 518
360.04937 483
360.29031 503
360.53126 521
360.77220 481
361.01315 488
361.25409 496
361.49504 458
361.73598 477
361.97692 448
362.21787 436
362.45881 446
362.69976 427
362.94070 425
363.18165 427
363.42259 458
363.66354 447
363.90448 414
364.14543 417
364.38637 426
364.62732 424
364.86826 417
365.10920 396
365.35015 431
365.59109 411
365.83204 346
366.07298 403
366.31393 382
366.55487 351
366.79582 366
367.03676 356
367.27771 363
367.51865 320
367.75960 365
368.00054 355
368.24148 376
368.48243 342
368.72337 351
368.96432 273
369.20526 325
369.44621 325
369.68715 288
369.92810 314
370.16904 319
370.40999 312
370.65093 268
370.89188 312
371.13282 302
371.37376 280
371.61471 279
371.85565 289
372.09660 290
372.33754 254
372.57849 233
372.81943 250
373.06038 252
373.30132 231
373.54227 229
373.78321 238
374.02416 261
374.26510 226
374.50604 257
374.74699 248
374.98793 231
375.22888 222
375.46982 207
375.71077 243
375.95171 228
376.19266 214
376.43360 209
376.67455 195
376.91549 212
377.15643 192
377.39738 206
377.63832 213
377.87927 166
378.12021 174
378.36116 196
378.60210 186
378.84305 180
379.08399 189
379.32494 188
379.56588 184
379.80683 176
380.04777 179
380.28871 200
380.52966 183
380.77060 179
381.01155 179
381.25249 171
381.49344 154
381.73438 161
381.97533 174
382.21627 182
382.45722 159
382.69816 163
382.93911 165
383.18005 175
383.42099 173
383.66194 164
383.90288 165
384.14383 171
384.38477 183
384.62572 176
384.86666 164
385.10761 182
385.34855 151
385.58950 159
385.83044 164
386.07139 169
386.31233 152
386.55327 140
386.79422 176
387.03516 142
387.27611 159
387.51705 152
387.75800 140
387.99894 157
388.23989 145
388.48083 164
388.72178 143
388.96272 141
389.20367 142
389.44461 147
389.68555 173
389.92650 142
390.16744 172
390.40839 141
390.64933 139
390.89028 136
391.13122 151
391.37217 134
391.61311 141
391.85406 121
392.09500 154
392.33595 149
392.57689 133
392.81783 123
393.05878 136
393.29972 123
393.54067 118
393.78161 119
394.02256 123
394.26350 149
394.50445 116
394.74539 130
394.98634 127
395.22728 144
395.46823 103
395.70917 135
395.95011 124
396.19106 124
396.43200 121
396.67295 116
396.91389 99
397.15484 126
397.39578 114
397.63673 111
397.87767 117
398.11862 100
398.35956 103
398.60051 117
398.84145 110
399.08239 98
399.32334 112
399.56428 103
399.80523 79
400.04617 87
400.28712 92
400.52806 90
400.76901 123
401.00995 112
401.25090 76
401.49184 85
401.73279 93
401.97373 87
402.21467 69
402.45562 103
402.69656 84
402.93751 74
403.17845 75
403.41940 91
403.66034 81
403.90129 75
404.14223 66
404.38318 79
404.62412 66
404.86507 63
405.10601 67
405.34695 87
405.58790 61
405.82884 72
406.06979 67
406.31073 60
406.55168 51
406.79262 63
407.03357 61
407.27451 60
407.51546 51
407.75640 53
407.99735 63
408.23829 51
408.47923 43
408.72018 46
408.96112 50
409.20207 54
409.44301 49
409.68396 49
409.92490 55
410.16585 52
410.40679 45
410.64774 44
410.88868 62
411.12963 58
411.37057 45
411.61151 42
411.85246 47
412.09340 43
412.33435 49
412.57529 46
412.81624 53
413.05718 37
413.29813 37
413.53907 44
413.78002 41
414.02096 52
414.26191 33
414.50285 28
414.74379 35
414.98474 34
415.22568 34
415.46663 22
415.70757 34
415.94852 32
416.18946 36
416.43041 36
416.67135 43
416.91230 32
417.15324 44
417.39419 38
417.63513 39
417.87607 33
418.11702 36
418.35796 30
418.59891 31
418.83985 28
419.08080 24
419.32174 37
419.56269 31
419.80363 34
420.04458 28
420.28552 35
420.52646 36
420.76741 40
421.00835 42
421.24930 32
421.49024 38
421.73119 28
421.97213 46
422.21308 34
422.45402 42
422.69497 30
422.93591 40
423.17686 28
423.41780 29
423.65874 39
423.89969 35
424.14063 51
424.38158 26
424.62252 37
424.86347 30
425.10441 43
425.34536 31
425.58630 42
425.82725 36
426.06819 34
426.30914 44
426.55008 38
426.79102 30
427.03197 31
427.27291 47
427.51386 34
427.75480 32
427.99575 40
428.23669 41
428.47764 38
428.71858 40
428.95953 44
429.20047 37
429.44142 27
429.68236 54
429.92330 38
430.16425 58
430.40519 48
430.64614 48
430.88708 45
431.12803 49
431.36897 47
431.60992 48
431.85086 41
432.09181 42
432.33275 39
432.57370 36
432.81464 55
433.05558 49
433.29653 40
433.53747 47
433.77842 42
434.01936 44
434.26031 39
434.50125 48
434.74220 52
434.98314 49
435.22409 57
435.46503 52
435.70598 46
435.94692 54
436.18786 54
436.42881 49
436.66975 53
436.91070 56
437.15164 47
437.39259 59
437.63353 52
437.87448 47
438.11542 59
438.35637 57
438.59731 48
438.83826 61
439.07920 49
439.32014 62
439.56109 48
439.80203 46
440.04298 56
440.28392 57
440.52487 66
440.76581 45
441.00676 51
441.24770 45
441.48865 60
441.72959 64
441.97054 43
442.21148 56
442.45242 65
442.69337 64
442.93431 64
443.17526 62
443.41620 56
443.65715 41
443.89809 46
444.13904 55
444.37998 53
444.62093 63
444.86187 55
445.10282 59
445.34376 52
445.58470 55
445.82565 57
446.06659 44
446.30754 43
446.54848 68
446.78943 56
447.03037 65
447.27132 69
447.51226 50
447.75321 46
447.99415 55
448.23510 62
448.47604 53
448.71698 40
448.95793 55
449.19887 47
449.43982 36
449.68076 60
449.92171 49
450.16265 46
450.40360 46
450.64454 53
450.88549 48
451.12643 45
451.36738 41
451.60832 30
451.84926 53
452.09021 32
452.33115 38
452.57210 37
452.81304 49
453.05399 41
453.29493 52
453.53588 39
453.77682 30
454.01777 52
454.25871 42
454.49966 49
454.74060 41
454.98154 48
455.22249 45
455.46343 38
455.70438 37
455.94532 32
456.18627 37
456.42721 29
456.66816 22
456.90910 36
457.15005 45
457.39099 30
457.63194 32
457.87288 31
458.11382 29
458.35477 21
458.59571 23
458.83666 35
459.07760 25
459.31855 28
459.55949 27
459.80044 25
460.04138 33
460.28233 33
460.52327 26
460.76421 28
461.00516 21
461.24610 30
461.48705 21
461.72799 23
461.96894 23
462.20988 27
462.45083 20
462.69177 21
462.93272 14
463.17366 23
463.41461 23
463.65555 18
463.89649 19
464.13744 17
464.37838 18
464.61933 18
464.86027 20
465.10122 21
465.34216 17
465.58311 21
465.82405 27
466.06500 18
466.30594 28
466.54689 15
466.78783 14
467.02877 19
467.26972 21
467.51066 17
467.75161 11
467.99255 15
468.23350 13
468.47444 17
468.71539 13
468.95633 11
469.19728 13
469.43822 13
469.67917 12
469.92011 15
470.16105 14
470.40200 9
470.64294 10
470.88389 14
471.12483 5
471.36578 16
471.60672 12
471.84767 3
472.08861 13
472.32956 8
472.57050 8
472.81145 9
473.05239 12
473.29333 9
473.53428 8
473.77522 12
474.01617 9
474.25711 4
474.49806 13
474.73900 5
474.97995 9
475.22089 5
475.46184 8
475.70278 5
475.94373 6
476.18467 13
476.42561 9
476.66656 5
476.90750 7
477.14845 12
477.38939 8
477.63034 4
477.87128 9
478.11223 6
478.35317 7
478.59412 8
478.83506 6
479.07601 6
479.31695 5
479.55789 5
479.79884 5
480.03978 6
480.28073 5
480.52167 7
480.76262 3
481.00356 6
481.24451 3
481.48545 7
481.72640 6
481.96734 3
482.20829 7
482.44923 4
482.69017 8
482.93112 7
483.17206 5
483.41301 4
483.65395 5
483.89490 5
484.13584 1
484.37679 3
484.61773 4
484.85868 10
485.09962 7
485.34057 6
485.58151 6
485.82245 6
486.06340 6
486.30434 5
486.54529 7
486.78623 7
487.02718 6
487.26812 4
487.50907 8
487.75001 2
487.99096 1
488.23190 6
488.47285 2
488.71379 2
488.95473 3
489.19568 6
489.43662 7
489.67757 2
489.91851 3
490.15946 2
490.40040 4
490.64135 4
490.88229 9
491.12324 1
491.36418 3
491.60513 8
491.84607 1
492.08701 5
492.32796 5
492.56890 5
492.80985 6
493.05079 7
493.29174 5
493.53268 1
493.77363 0
494.01457 1
494.25552 0
494.49646 4
494.73741 1
494.97835 5
495.21929 2
495.46024 0
495.70118 2
495.94213 7
496.18307 4
496.42402 4
496.66496 3
496.90591 2
497.14685 4
497.38780 4
497.62874 6
497.86969 5
498.11063 2
498.35157 3
498.59252 1
498.83346 1
499.07441 1
499.31535 3
499.55630 0
499.79724 4
500.03819 2
500.27913 2
500.52008 4
500.76102 2
501.00197 4
501.24291 5
501.48385 2
501.72480 2
501.96574 1
502.20669 4
502.44763 3
502.68858 3
502.92952 0
503.17047 1
503.41141 0
503.65236 5
503.89330 1
504.13424 4
504.37519 2
504.61613 2
504.85708 0
505.09802 0
505.33897 4
505.57991 0
505.82086 2
506.06180 1
506.30275 1
506.54369 1
506.78464 0
507.02558 5
507.26652 3
507.50747 4
507.74841 2
507.98936 2
508.23030 1
508.47125 0
508.71219 2
508.95314 0
509.19408 1
509.43503 0
509.67597 0
509.91692 0
510.15786 3
510.39880 2
510.63975 1
510.88069 3
511.12164 3
511.36258 1
511.60353 2
511.84447 1
512.08542 0
512.32636 1
512.56731 2
512.80825 0
513.04920 2
513.29014 0
513.53108 0
513.77203 0
514.01297 1
514.25392 0
514.49486 1
514.73581 3
514.97675 1
515.21770 2
515.45864 0
515.69959 1
515.94053 0
516.18148 2
516.42242 0
516.66336 0
516.90431 0
517.14525 0
517.38620 2
517.62714 1
517.86809 0
518.10903 0
518.34998 0
518.59092 2
518.83187 2
519.07281 1
519.31376 2
519.55470 1
519.79564 0
520.03659 1
520.27753 0
520.51848 2
520.75942 0
521.00037 0
521.24131 0
521.48226 0
521.72320 0
521.96415 1
522.20509 1
522.44604 0
522.68698 3
522.92792 0
523.16887 0
523.40981 0
523.65076 0
523.89170 3
524.13265 0
524.37359 1
524.61454 0
524.85548 0
525.09643 2
525.33737 0
525.57832 1
525.81926 3
526.06020 1
526.30115 0
526.54209 2
526.78304 0
527.02398 0
527.26493 2
527.50587 4
527.74682 4
527.98776 0
528.22871 3
528.46965 3
528.71060 2
528.95154 0
529.19248 2
529.43343 1
529.67437 0
529.91532 0
530.15626 0
530.39721 1
530.63815 1
530.87910 1
531.12004 0
531.36099 1
531.60193 0
531.84288 5
532.08382 1
532.32476 2
532.56571 0
532.80665 0
533.04760 2
533.28854 2
533.52949 0
533.77043 0
534.01138 3
534.25232 2
534.49327 0
534.73421 4
534.97516 0
535.21610 0
535.45704 2
535.69799 1
535.93893 1
536.17988 0
536.42082 2
536.66177 0
536.90271 1
537.14366 0
537.38460 0
537.62555 1
537.86649 0
538.10744 0
538.34838 1
538.58932 2
538.83027 4
539.07121 0
539.31216 0
539.55310 2
539.79405 0
540.03499 0
540.27594 0
540.51688 0
540.75783 0
540.99877 2
541.23972 0
541.48066 1
541.72160 0
541.96255 2
542.20349 1
542.44444 1
542.68538 1
542.92633 0
543.16727 0
543.40822 2
543.64916 0
543.89011 0
544.13105 0
544.37200 1
544.61294 1
544.85388 1
545.09483 1
545.33577 2
545.57672 0
545.81766 2
546.05861 4
546.29955 0
546.54050 0
546.78144 0
547.02239 0
547.26333 2
547.50427 0
547.74522 0
547.98616 1
548.22711 1
548.46805 5
548.70900 1
548.94994 1
549.19089 3
549.43183 1
549.67278 0
549.91372 1
550.15467 0
550.39561 0
550.63655 0
550.87750 0
551.11844 0
551.35939 0
551.60033 0
551.84128 3
552.08222 1
552.32317 0
552.56411 0
552.80506 0
553.04600 2
553.28695 1
553.52789 6
553.76883 0
554.00978 0
554.25072 0
554.49167 1
554.73261 0
554.97356 3
555.21450 0
555.45545 2
555.69639 4
555.93734 3
556.17828 2
556.41923 1
556.66017 1
556.90111 2
557.14206 0
557.38300 0
557.62395 3
557.86489 0
558.10584 2
558.34678 0
558.58773 2
558.82867 0
559.06962 2
559.31056 1
559.55151 0
559.79245 0
560.03339 0
560.27434 0
560.51528 0
560.75623 1
560.99717 2
561.23812 2
561.47906 3
561.72001 2
561.96095 0
562.20190 2
562.44284 0
562.68379 2
562.92473 2
563.16567 1
563.40662 2
563.64756 0
563.88851 2
564.12945 0
564.37040 0
564.61134 0
564.85229 0
565.09323 2
565.33418 1
565.57512 0
565.81607 0
566.05701 0
566.29795 1
566.53890 0
566.77984 1
567.02079 3
567.26173 3
567.50268 2
567.74362 0
567.98457 0
568.22551 0
568.46646 1
568.70740 0
568.94835 0
569.18929 0
569.43023 1
569.67118 0
569.91212 4
570.15307 0
570.39401 0
570.63496 1
570.87590 3
571.11685 0
571.35779 3
571.59874 2
571.83968 2
572.08063 0
572.32157 2
572.56251 3
572.80346 0
573.04440 0
573.28535 0
573.52629 0
573.76724 1
574.00818 0
574.24913 1
574.49007 0
574.73102 0
574.97196 1
575.21291 2
575.45385 2
575.69479 0
575.93574 0
576.17668 2
576.41763 1
576.65857 1
576.89952 2
577.14046 1
577.38141 4
577.62235 0
577.86330 0
578.10424 3
578.34519 4
578.58613 2
578.82707 0
579.06802 0
579.30896 0
579.54991 0
579.79085 0
580.03180 2
580.27274 4
580.51369 0
580.75463 0
580.99558 1
581.23652 0
581.47747 1
581.71841 2
581.95935 0
582.20030 1
582.44124 0
582.68219 0
582.92313 0
583.16408 0
583.40502 0
583.64597 1
583.88691 0
584.12786 0
584.36880 0
584.60975 1
584.85069 3
585.09163 3
585.33258 0
585.57352 1
585.81447 3
586.05541 0
586.29636 2
586.53730 0
586.77825 1
587.01919 2
587.26014 1
587.50108 0
587.74203 0
587.98297 1
588.22391 0
588.46486 2
588.70580 1
588.94675 0
589.18769 0
589.42864 0
589.66958 1
589.91053 0
590.15147 0
590.39242 5
590.63336 2
590.87430 0
591.11525 0
591.35619 0
591.59714 1
591.83808 0
592.07903 1
592.31997 0
592.56092 0
592.80186 0
593.04281 4
593.28375 1
593.52470 0
593.76564 1
594.00658 3
594.24753 0
594.48847 0
594.72942 0
594.97036 2
595.21131 2
595.45225 0
595.69320 0
595.93414 0
596.17509 2
596.41603 0
596.65698 0
596.89792 1
597.13886 1
597.37981 1
597.62075 0
597.86170 0
598.10264 2
598.34359 0
598.58453 0
598.82548 2
599.06642 0
599.30737 2
599.54831 1
599.78926 0
600.03020 0
600.27114 3
600.51209 0
600.75303 0
600.99398 1
601.23492 0
601.47587 0
601.71681 0
601.95776 0
602.19870 2
602.43965 2
602.68059 0
602.92154 0
603.16248 0
603.40342 0
603.64437 3
603.88531 0
604.12626 1
604.36720 1
604.60815 3
604.84909 0
605.09004 3
605.33098 0
605.57193 4
605.81287 7
606.05382 1
606.29476 0
606.53570 2
606.77665 1
607.01759 4
607.25854 3
607.49948 2
607.74043 2
607.98137 2
608.22232 0
608.46326 1
608.70421 1
608.94515 0
609.18610 0
609.42704 0
609.66798 0
609.90893 0
610.14987 2
610.39082 2
610.63176 1
610.87271 2
611.11365 0
611.35460 2
611.59554 0
611.83649 1
612.07743 3
612.31838 0
612.55932 0
612.80026 2
613.04121 0
613.28215 2
613.52310 0
613.76404 2
614.00499 0
614.24593 2
614.48688 0
614.72782 1
614.96877 2
615.20971 4
615.45066 0
615.69160 1
615.93254 2
616.17349 0
616.41443 2
616.65538 1
616.89632 3
617.13727 0
617.37821 0
617.61916 0
617.86010 1
618.10105 0
618.34199 3
618.58294 2
618.82388 0
619.06482 1
619.30577 0
619.54671 1
619.78766 2
620.02860 1
620.26955 0
620.51049 1
620.75144 0
620.99238 0
621.23333 4
621.47427 0
621.71522 0
621.95616 0
622.19710 0
622.43805 3
622.67899 1
622.91994 0
623.16088 0
623.40183 6
623.64277 1
623.88372 0
624.12466 3
624.36561 0
624.60655 0
624.84750 3
625.08844 1
625.32938 0
625.57033 1
625.81127 1
626.05222 1
626.29316 0
626.53411 3
626.77505 0
627.01600 1
627.25694 0
627.49789 0
627.73883 2
627.97978 3
628.22072 1
628.46166 3
628.70261 1
628.94355 0
629.18450 0
629.42544 4
629.66639 2
629.90733 0
630.14828 3
630.38922 0
630.63017 1
630.87111 1
631.11206 0
631.35300 0
631.59394 3
631.83489 2
632.07583 0
632.31678 3
632.55772 0
632.79867 4
633.03961 0
633.28056 1
633.52150 1
633.76245 0
634.00339 0
634.24433 0
634.48528 1
634.72622 0
634.96717 0
635.20811 2
635.44906 1
635.69000 0
635.93095 3
636.17189 1
636.41284 0
636.65378 0
636.89473 0
637.13567 1
637.37661 1
637.61756 1
637.85850 1
638.09945 3
638.34039 0
638.58134 0
638.82228 0
639.06323 0
639.30417 0
639.54512 1
639.78606 0
640.02701 1
640.26795 0
640.50889 0
640.74984 4
640.99078 0
641.23173 0
641.47267 0
641.71362 0
641.95456 0
642.19551 0
642.43645 2
642.67740 1
642.91834 0
643.15929 0
643.40023 0
643.64117 2
643.88212 2
644.12306 0
644.36401 0
644.60495 0
644.84590 0
645.08684 0
645.32779 0
645.56873 0
645.80968 0
646.05062 0
646.29157 1
646.53251 0
646.77345 3
647.01440 0
647.25534 1
647.49629 1
647.73723 0
647.97818 0
648.21912 0
648.46007 0
648.70101 1
648.94196 1
649.18290 0
649.42385 1
649.66479 0
649.90573 0
650.14668 0
650.38762 0
650.62857 0
650.86951 0
651.11046 0
651.35140 1
651.59235 0
651.83329 1
652.07424 1
652.31518 1
652.55613 0
652.79707 0
653.03801 0
653.27896 0
653.51990 2
653.76085 0
654.00179 0
654.24274 2
654.48368 0
654.72463 0
654.96557 1
655.20652 0
655.44746 1
655.68841 0
655.92935 1
656.17029 0
656.41124 0
656.65218 0
656.89313 0
657.13407 0
657.37502 0
657.61596 1
657.85691 1
658.09785 0
658.33880 0
658.57974 0
658.82069 0
659.06163 1
659.30257 0
659.54352 4
659.78446 0
660.02541 0
660.26635 0
660.50730 1
660.74824 0
660.98919 0
661.23013 0
661.47108 0
661.71202 0
661.95297 0
662.19391 0
662.43485 0
662.67580 1
662.91674 0
663.15769 0
663.39863 1
663.63958 0
663.88052 0
664.12147 0
664.36241 0
664.60336 0
664.84430 0
665.08525 0
665.32619 0
665.56713 0
665.80808 0
666.04902 0
666.28997 1
666.53091 0
666.77186 0
667.01280 0
667.25375 3
667.49469 0
667.73564 0
667.97658 0
668.21753 0
668.45847 0
668.69941 0
668.94036 0
669.18130 0
669.42225 0
669.66319 0
669.90414 0
670.14508 0
670.38603 0
670.62697 0
670.86792 1
671.10886 0
671.34981 0
671.59075 0
671.83169 0
672.07264 0
672.31358 0
672.55453 0
672.79547 1
673.03642 0
673.27736 0
673.51831 0
673.75925 1
674.00020 2
674.24114 0
674.48209 0
674.72303 1
674.96397 0
675.20492 0
675.44586 0
675.68681 0
675.92775 0
676.16870 2
676.40964 3
676.65059 0
676.89153 2
677.13248 1
677.37342 0
677.61436 0
677.85531 0
678.09625 0
678.33720 4
678.57814 0
678.81909 3
679.06003 0
679.30098 0
679.54192 0
679.78287 0
680.02381 0
680.26476 0
680.50570 0
680.74664 0
680.98759 0
681.22853 0
681.46948 0
681.71042 0
681.95137 1
682.19231 0
682.43326 4
682.67420 0
682.91515 0
683.15609 0
683.39704 1
683.63798 0
683.87892 0
684.11987 0
684.36081 1
684.60176 0
684.84270 0
685.08365 0
685.32459 0
685.56554 0
685.80648 0
686.04743 0
686.28837 2
686.52932 0
686.77026 1
687.01120 0
687.25215 1
687.49309 0
687.73404 0
687.97498 0
688.21593 2
688.45687 0
688.69782 0
688.93876 0
689.17971 0
689.42065 0
689.66160 3
689.90254 0
690.14348 0
690.38443 1
690.62537 0
690.86632 0
691.10726 0
691.34821 0
691.58915 0
691.83010 3
692.07104 0
692.31199 3
692.55293 2
692.79388 3
693.03482 1
693.27576 0
693.51671 0
693.75765 0
693.99860 2
694.23954 2
694.48049 1
694.72143 0
694.96238 2
695.20332 2
695.44427 2
695.68521 1
695.92616 0
696.16710 1
696.40804 2
696.64899 0
696.88993 3
697.13088 0
697.37182 3
697.61277 3
697.85371 2
698.09466 2
698.33560 0
698.57655 1
698.81749 0
699.05844 0
699.29938 1
699.54032 0
699.78127 1
700.02221 0
700.26316 0
700.50410 0
700.74505 2
700.98599 1
701.22694 2
701.46788 0
701.70883 0
701.94977 1
702.19072 0
702.43166 0
702.67260 0
702.91355 0
703.15449 0
703.39544 1
703.63638 2
703.87733 2
704.11827 0
704.35922 1
704.60016 0
704.84111 2
705.08205 1
705.32300 0
705.56394 2
705.80488 0
706.04583 0
706.28677 0
706.52772 2
706.76866 2
707.00961 0
707.25055 2
707.49150 1
707.73244 3
707.97339 1
708.21433 0
708.45528 2
708.69622 0
708.93716 0
709.17811 1
709.41905 0
709.66000 0
709.90094 0
710.14189 1
710.38283 0
710.62378 0
710.86472 0
711.10567 0
711.34661 0
711.58756 0
711.82850 1
712.06944 0
712.31039 2
712.55133 0
712.79228 0
713.03322 1
713.27417 0
713.51511 0
713.75606 0
713.99700 0
714.23795 1
714.47889 1
714.71984 1
714.96078 1
715.20172 1
715.44267 0
715.68361 2
715.92456 0
716.16550 1
716.40645 0
716.64739 0
716.88834 0
717.12928 2
717.37023 0
717.61117 0
717.85212 2
718.09306 1
718.33400 2
718.57495 0
718.81589 3
719.05684 1
719.29778 0
719.53873 0
719.77967 1
720.02062 2
720.26156 2
720.50251 0
720.74345 0
720.98439 1
721.22534 0
721.46628 1
721.70723 2
721.94817 1
722.18912 1
722.43006 0
722.67101 0
722.91195 0
723.15290 0
723.39384 0
723.63479 0
723.87573 0
724.11667 0
724.35762 0
724.59856 0
724.83951 3
725.08045 0
725.32140 2
725.56234 0
725.80329 4
726.04423 0
726.28518 0
726.52612 1
726.76707 0
727.00801 2
727.24895 0
727.48990 1
727.73084 0
727.97179 0
728.21273 0
728.45368 1
728.69462 0
728.93557 0
729.17651 0
729.41746 0
729.65840 0
729.89935 0
730.14029 0
730.38123 1
730.62218 0
730.86312 0
731.10407 0
731.34501 1
731.58596 1
731.82690 0
732.06785 0
732.30879 1
732.54974 0
732.79068 0
733.03163 3
733.27257 0
733.51351 1
733.75446 1
733.99540 0
734.23635 0
734.47729 2
734.71824 2
734.95918 0
735.20013 1
735.44107 2
735.68202 1
735.92296 1
736.16391 0
736.40485 1
736.64579 1
736.88674 0
737.12768 4
737.36863 1
737.60957 0
737.85052 1
738.09146 0
738.33241 0
738.57335 0
738.81430 0
739.05524 2
739.29619 0
739.53713 0
739.77807 0
740.01902 0
740.25996 3
740.50091 2
740.74185 2
740.98280 0
741.22374 2
741.46469 0
741.70563 0
741.94658 1
742.18752 1
742.42847 0
742.66941 0
742.91035 2
743.15130 0
743.39224 1
743.63319 0
743.87413 0
744.11508 0
744.35602 0
744.59697 0
744.83791 1
745.07886 0
745.31980 0
745.56075 1
745.80169 0
746.04263 2
746.28358 0
746.52452 1
746.76547 0
747.00641 0
747.24736 1
747.48830 0
747.72925 2
747.97019 0
748.21114 2
748.45208 0
748.69303 3
748.93397 1
749.17491 0
749.41586 2
749.65680 3
749.89775 2
750.13869 0
750.37964 0
750.62058 0
750.86153 0
751.10247 1
751.34342 0
751.58436 0
751.82531 1
752.06625 3
752.30719 0
752.54814 0
752.78908 0
753.03003 1
753.27097 0
753.51192 1
753.75286 0
753.99381 0
754.23475 1
754.47570 1
754.71664 1
754.95759 0
755.19853 1
755.43947 0
755.68042 1
755.92136 1
756.16231 0
756.40325 0
756.64420 1
756.88514 0
757.12609 0
757.36703 1
757.60798 0
757.84892 1
758.08987 1
758.33081 0
758.57175 3
758.81270 0
759.05364 1
759.29459 0
759.53553 0
759.77648 0
760.01742 2
760.25837 2
760.49931 1
760.74026 0
760.98120 0
761.22215 1
761.46309 0
761.70403 0
761.94498 0
762.18592 0
762.42687 3
762.66781 1
762.90876 0
763.14970 1
763.39065 0
763.63159 0
763.87254 0
764.11348 0
764.35442 1
764.59537 0
764.83631 1
765.07726 0
765.31820 2
765.55915 2
765.80009 0
766.04104 1
766.28198 0
766.52293 0
766.76387 1
767.00482 3
767.24576 0
767.48670 0
767.72765 4
767.96859 1
768.20954 2
768.45048 0
768.69143 0
768.93237 0
769.17332 0
769.41426 0
769.65521 0
769.89615 0
770.13710 0
770.37804 2
770.61898 0
770.85993 0
771.10087 0
771.34182 0
771.58276 0
771.82371 0
772.06465 0
772.30560 1
772.54654 1
772.78749 5
773.02843 0
773.26938 0
773.51032 0
773.75126 0
773.99221 1
774.23315 0
774.47410 0
774.71504 0
774.95599 0
775.19693 0
775.43788 0
775.67882 0
775.91977 1
776.16071 0
776.40166 1
776.64260 0
776.88354 1
777.12449 0
777.36543 1
777.60638 1
777.84732 0
778.08827 0
778.32921 3
778.57016 1
778.81110 0
779.05205 0
779.29299 0
779.53394 1
779.77488 0
780.01582 0
780.25677 0
780.49771 1
780.73866 0
780.97960 0
781.22055 0
781.46149 0
781.70244 2
781.94338 1
782.18433 0
782.42527 1
782.66622 2
782.90716 2
783.14810 1
783.38905 0
783.62999 1
783.87094 0
784.11188 0
784.35283 0
784.59377 0
784.83472 3
785.07566 2
785.31661 0
785.55755 0
785.79850 0
786.03944 2
786.28038 0
786.52133 0
786.76227 0
787.00322 1
787.24416 0
787.48511 0
787.72605 0
787.96700 2
788.20794 0
788.44889 0
788.68983 2
788.93078 1
789.17172 1
789.41266 0
789.65361 0
789.89455 2
790.13550 0
790.37644 0
790.61739 6
790.85833 0
791.09928 1
791.34022 0
791.58117 0
791.82211 0
792.06306 1
792.30400 0
792.54494 0
792.78589 0
793.02683 0
793.26778 0
793.50872 0
793.74967 0
793.99061 0
794.23156 0
794.47250 0
794.71345 0
794.95439 0
795.19534 0
795.43628 0
795.67722 1
795.91817 0
796.15911 0
796.40006 0
796.64100 0
796.88195 0
797.12289 0
797.36384 0
797.60478 0
797.84573 2
798.08667 1
798.32762 0
798.56856 1
798.80950 0
799.05045 0
799.29139 0
799.53234 1
799.77328 0
800.01423 0
800.25517 1
800.49612 0
800.73706 0
800.97801 0
801.21895 0
801.45990 0
801.70084 1
801.94178 0
802.18273 2
802.42367 0
802.66462 0
802.90556 0
803.14651 0
803.38745 0
803.62840 1
803.86934 1
804.11029 0
804.35123 1
804.59217 0
804.83312 0
805.07406 1
805.31501 0
805.55595 0
805.79690 1
806.03784 0
806.27879 0
806.51973 2
806.76068 0
807.00162 0
807.24257 1
807.48351 1
807.72445 0
807.96540 2
808.20634 0
808.44729 0
808.68823 0
808.92918 0
809.17012 1
809.41107 0
809.65201 0
809.89296 0
810.13390 2
810.37485 0
810.61579 0
810.85673 0
811.09768 0
811.33862 0
811.57957 3
811.82051 0
812.06146 1
812.30240 1
812.54335 1
812.78429 0
813.02524 1
813.26618 0
813.50713 0
813.74807 0
813.98901 0
814.22996 0
814.47090 0
814.71185 0
814.95279 0
815.19374 0
815.43468 0
815.67563 0
815.91657 0
816.15752 1
816.39846 1
816.63941 0
816.88035 1
817.12129 2
817.36224 0
817.60318 0
817.84413 0
818.08507 0
818.32602 0
818.56696 2
818.80791 1
819.04885 0
819.28980 1
819.53074 0
819.77169 0
820.01263 0
820.25357 0
820.49452 0
820.73546 1
820.97641 0
821.21735 0
821.45830 0
821.69924 1
821.94019 1
822.18113 0
822.42208 0
822.66302 0
822.90397 0
823.14491 0
823.38585 0
823.62680 0
823.86774 0
824.10869 0
824.34963 0
824.59058 1
824.83152 0
825.07247 0
825.31341 0
825.55436 0
825.79530 0
826.03625 0
826.27719 1
826.51813 1
826.75908 0
827.00002 0
827.24097 2
827.48191 1
827.72286 2
827.96380 2
828.20475 0
828.44569 0
828.68664 2
828.92758 0
829.16853 2
829.40947 3
829.65041 0
829.89136 0
830.13230 0
830.37325 0
830.61419 0
830.85514 0
831.09608 0
831.33703 0
831.57797 0
831.81892 0
832.05986 0
832.30081 0
832.54175 0
832.78269 0
833.02364 0
833.26458 3
833.50553 0
833.74647 0
833.98742 0
834.22836 0
834.46931 0
834.71025 0
834.95120 0
835.19214 0
835.43309 1
835.67403 0
835.91497 0
836.15592 0
836.39686 0
836.63781 0
836.87875 0
837.11970 0
837.36064 0
837.60159 0
837.84253 0
838.08348 0
838.32442 0
838.56537 2
838.80631 1
839.04725 0
839.28820 1
839.52914 1
839.77009 1
840.01103 1
840.25198 0
840.49292 0
840.73387 1
840.97481 0
841.21576 0
841.45670 0
841.69765 0
841.93859 0
842.17953 0
842.42048 0
842.66142 0
842.90237 0
843.14331 0
843.38426 0
843.62520 0
843.86615 0
844.10709 0
844.34804 0
844.58898 2
844.82993 0
845.07087 0
845.31181 0
845.55276 0
845.79370 0
846.03465 1
846.27559 1
846.51654 1
846.75748 0
846.99843 0
847.23937 0
847.48032 0
847.72126 0
847.96220 0
848.20315 0
848.44409 0
848.68504 0
848.92598 0
849.16693 0
849.40787 2
849.64882 0
849.88976 0
850.13071 0
850.37165 0
850.61260 0
850.85354 0
851.09448 0
851.33543 0
851.57637 0
851.81732 0
852.05826 0
852.29921 0
852.54015 0
852.78110 1
853.02204 1
853.26299 0
853.50393 0
853.74488 0
853.98582 0
854.22676 0
854.46771 0
854.70865 0
854.94960 0
855.19054 0
855.43149 0
855.67243 0
855.91338 0
856.15432 0
856.39527 0
856.63621 0
856.87716 0
857.11810 0
857.35904 0
857.59999 0
857.84093 0
858.08188 1
858.32282 0
858.56377 0
858.80471 0
859.04566 0
859.28660 0
859.52755 0
859.76849 1
860.00944 0
860.25038 1
860.49132 0
860.73227 0
860.97321 0
861.21416 0
861.45510 0
861.69605 1
861.93699 0
862.17794 0
862.41888 0
862.65983 0
862.90077 0
863.14172 0
863.38266 0
863.62360 0
863.86455 0
864.10549 0
864.34644 0
864.58738 0
864.82833 0
865.06927 0
865.31022 0
865.55116 0
865.79211 0
866.03305 0
866.27400 0
866.51494 0
866.75588 0
866.99683 0
867.23777 0
867.47872 0
867.71966 0
867.96061 0
868.20155 0
868.44250 1
868.68344 1
868.92439 0
869.16533 0
869.40628 1
869.64722 0
869.88816 0
870.12911 0
870.37005 0
870.61100 0
870.85194 1
871.09289 0
871.33383 0
871.57478 0
871.81572 0
872.05667 0
872.29761 0
872.53856 0
872.77950 1
873.02044 0
873.26139 0
873.50233 0
873.74328 0
873.98422 0
874.22517 0
874.46611 0
874.70706 0
874.94800 0
875.18895 1
875.42989 0
875.67084 1
875.91178 0
876.15272 0
876.39367 0
876.63461 0
876.87556 0
877.11650 0
877.35745 0
877.59839 0
877.83934 0
878.08028 0
878.32123 0
878.56217 0
878.80312 0
879.04406 1
879.28500 0
879.52595 0
879.76689 0
880.00784 0
880.24878 0
880.48973 0
880.73067 0
880.97162 0
881.21256 0
881.45351 0
881.69445 0
881.93540 0
882.17634 0
882.41728 0
882.65823 0
882.89917 0
883.14012 1
883.38106 1
883.62201 0
883.86295 0
884.10390 0
884.34484 1
884.58579 0
884.82673 0
885.06768 0
885.30862 0
885.54956 0
885.79051 1
886.03145 2
886.27240 1
886.51334 0
886.75429 1
886.99523 1
887.23618 0
887.47712 1
887.71807 1
887.95901 2
888.19996 1
888.44090 2
888.68184 0
888.92279 0
889.16373 1
889.40468 0
889.64562 0
889.88657 0
890.12751 0
890.36846 1
890.60940 2
890.85035 0
891.09129 0
891.33223 0
891.57318 0
891.81412 0
892.05507 0
892.29601 2
892.53696 0
892.77790 0
893.01885 2
893.25979 0
893.50074 0
893.74168 1
893.98263 1
894.22357 1
894.46451 1
894.70546 0
894.94640 1
895.18735 0
895.42829 0
895.66924 1
895.91018 0
896.15113 3
896.39207 2
896.63302 1
896.87396 1
897.11491 1
897.35585 0
897.59679 1
897.83774 0
898.07868 3
898.31963 0
898.56057 0
898.80152 0
899.04246 2
899.28341 0
899.52435 2
899.76530 0
900.00624 0
900.24719 0
900.48813 2
900.72907 0
900.97002 0
901.21096 0
901.45191 0
901.69285 0
901.93380 0
902.17474 0
902.41569 2
902.65663 0
902.89758 0
903.13852 0
903.37947 1
903.62041 2
903.86135 0
904.10230 2
904.34324 3
904.58419 0
904.82513 0
905.06608 4
905.30702 0
905.54797 1
905.78891 2
906.02986 1
906.27080 2
906.51175 0
906.75269 1
906.99363 0
907.23458 0
907.47552 1
907.71647 0
907.95741 0
908.19836 0
908.43930 1
908.68025 0
908.92119 2
909.16214 2
909.40308 2
909.64403 2
909.88497 3
910.12591 2
910.36686 1
910.60780 0
910.84875 1
911.08969 2
911.33064 0
911.57158 3
911.81253 2
912.05347 1
912.29442 0
912.53536 0
912.77631 0
913.01725 2
913.25819 0
913.49914 0
913.74008 1
913.98103 2
914.22197 1
914.46292 2
914.70386 1
914.94481 0
915.18575 4
915.42670 0
915.66764 1
915.90859 1
916.14953 0
916.39047 2
916.63142 1
916.87236 1
917.11331 1
917.35425 0
917.59520 3
917.83614 1
918.07709 1
918.31803 0
918.55898 2
918.79992 2
919.04087 1
919.28181 2
919.52275 1
919.76370 2
920.00464 1
920.24559 1
920.48653 0
920.72748 0
920.96842 1
921.20937 0
921.45031 2
921.69126 0
921.93220 0
922.17315 1
922.41409 1
922.65503 0
922.89598 2
923.13692 2
923.37787 0
923.61881 1
923.85976 1
924.10070 1
924.34165 0
924.58259 2
924.82354 0
925.06448 2
925.30543 2
925.54637 0
925.78731 2
926.02826 0
926.26920 2
926.51015 0
926.75109 1
926.99204 1
927.23298 0
927.47393 1
927.71487 0
927.95582 3
928.19676 0
928.43771 0
928.67865 1
928.91959 0
929.16054 1
929.40148 0
929.64243 1
929.88337 1
930.12432 2
930.36526 3
930.60621 1
930.84715 2
931.08810 0
931.32904 0
931.56999 0
931.81093 0
932.05187 0
932.29282 1
932.53376 0
932.77471 1
933.01565 4
933.25660 0
933.49754 0
933.73849 0
933.97943 2
934.22038 1
934.46132 1
934.70226 2
934.94321 5
935.18415 0
935.42510 1
935.66604 2
935.90699 0
936.14793 0
936.38888 0
936.62982 0
936.87077 2
937.11171 1
937.35266 0
937.59360 0
937.83454 1
938.07549 1
938.31643 0
938.55738 2
938.79832 2
939.03927 0
939.28021 1
939.52116 2
939.76210 1
940.00305 0
940.24399 0
940.48494 1
940.72588 0
940.96682 1
941.20777 2
941.44871 1
941.68966 0
941.93060 1
942.17155 2
942.41249 1
942.65344 2
942.89438 1
943.13533 2
943.37627 0
943.61722 2
943.85816 0
944.09910 3
944.34005 0
944.58099 1
944.82194 1
945.06288 1
945.30383 0
945.54477 0
945.78572 2
946.02666 0
946.26761 0
946.50855 0
946.74950 0
946.99044 3
947.23138 2
947.47233 0
947.71327 0
947.95422 0
948.19516 1
948.43611 0
948.67705 0
948.91800 0
949.15894 0
949.39989 0
949.64083 0
949.88178 1
950.12272 2
950.36366 0
950.60461 0
950.84555 0
951.08650 2
951.32744 1
951.56839 0
951.80933 2
952.05028 0
952.29122 2
952.53217 0
952.77311 0
953.01406 1
953.25500 2
953.49594 2
953.73689 1
953.97783 0
954.21878 0
954.45972 1
954.70067 3
954.94161 1
955.18256 2
955.42350 2
955.66445 0
955.90539 0
956.14634 1
956.38728 1
956.62822 2
956.86917 1
957.11011 2
957.35106 3
957.59200 0
957.83295 2
958.07389 1
958.31484 0
958.55578 1
958.79673 0
959.03767 1
959.27862 2
959.51956 0
959.76050 0
960.00145 2
960.24239 2
960.48334 1
960.72428 3
960.96523 1
961.20617 0
961.44712 0
961.68806 1
961.92901 0
962.16995 3
962.41090 1
962.65184 0
962.89278 1
963.13373 1
963.37467 0
963.61562 2
963.85656 0
964.09751 0
964.33845 0
964.57940 1
964.82034 0
965.06129 2
965.30223 0
965.54318 2
965.78412 2
966.02506 2
966.26601 1
966.50695 1
966.74790 1
966.98884 2
967.22979 2
967.47073 1
967.71168 0
967.95262 1
968.19357 0
968.43451 0
968.67546 2
968.91640 1
969.15734 0
969.39829 0
969.63923 0
969.88018 1
970.12112 0
970.36207 0
970.60301 0
970.84396 1
971.08490 1
971.32585 0
971.56679 1
971.80774 1
972.04868 1
972.28962 0
972.53057 0
972.77151 1
973.01246 0
973.25340 2
973.49435 0
973.73529 0
973.97624 1
974.21718 0
974.45813 0
974.69907 0
974.94002 0
975.18096 1
975.42190 1
975.66285 0
975.90379 0
976.14474 1
976.38568 1
976.62663 1
976.86757 1
977.10852 0
977.34946 0
977.59041 0
977.83135 0
978.07229 2
978.31324 2
978.55418 2
978.79513 0
979.03607 3
979.27702 0
979.51796 0
979.75891 0
979.99985 1
980.24080 1
980.48174 3
980.72269 0
980.96363 0
981.20457 0
981.44552 0
981.68646 1
981.92741 1
