# energy_keV counts
-4.74077 0
-4.49983 0
-4.25888 0
-4.01794 0
-3.77700 0
-3.53605 0
-3.29511 0
-3.05416 0
-2.81322 0
-2.57227 0
-2.33133 0
-2.09038 0
-1.84944 0
-1.60849 0
-1.36755 0
-1.12660 0
-0.88566 0
-0.64472 0
-0.40377 0
-0.16283 0
0.07812 0
0.31906 0
0.56001 0
0.80095 0
1.04190 0
1.28284 0
1.52379 0
1.76473 0
2.00568 0
2.24662 0
2.48756 0
2.72851 0
2.96945 0
3.21040 0
3.45134 0
3.69229 0
3.93323 0
4.17418 0
4.41512 0
4.65607 0
4.89701 0
5.13796 651
5.37890 1606
5.61984 1562
5.86079 1508
6.10173 1388
6.34268 1295
6.58362 1265
6.82457 1241
7.06551 1158
7.30646 1116
7.54740 1122
7.78835 1185
8.02929 1093
8.27024 1074
8.51118 1114
8.75212 1094
8.99307 1110
9.23401 1055
9.47496 1147
9.71590 1106
9.95685 1138
10.19779 1061
10.43874 1132
10.67968 1052
10.92063 1072
11.16157 1042
11.40252 1106
11.64346 1146
11.88440 1060
12.12535 1128
12.36629 1071
12.60724 1090
12.84818 1100
13.08913 1095
13.33007 1168
13.57102 1115
13.81196 1117
14.05291 1139
14.29385 1082
14.53480 1128
14.77574 1134
15.01668 1141
15.25763 1136
15.49857 1147
15.73952 1141
15.98046 1200
16.22141 1147
16.46235 1170
16.70330 1120
16.94424 1141
17.18519 1168
17.42613 1158
17.66708 1212
17.90802 1146
18.14896 1159
18.38991 1216
18.63085 1205
18.87180 1203
19.11274 1175
19.35369 1195
19.59463 1203
19.83558 1187
20.07652 1258
20.31747 1277
20.55841 1243
20.79936 1231
21.04030 1199
21.28124 1282
21.52219 1253
21.76313 1284
22.00408 1331
22.24502 1278
22.48597 1299
22.72691 1267
22.96786 1187
23.20880 1297
23.44975 1375
23.69069 1348
23.93164 1392
24.17258 1360
24.41352 1413
24.65447 1520
24.89541 1465
25.13636 1530
25.37730 1548
25.61825 1572
25.85919 1804
26.10014 1771
26.34108 1821
26.58203 1908
26.82297 1969
27.06392 2114
27.30486 2300
27.54580 2361
27.78675 2499
28.02769 2791
28.26864 2997
28.50958 3177
28.75053 3314
28.99147 3660
29.23242 3939
29.47336 4248
29.71431 4711
29.95525 4984
30.19620 5444
30.43714 5960
30.67808 6280
30.91903 6625
31.15997 7146
31.40092 7717
31.64186 8102
31.88281 8389
32.12375 8839
32.36470 9120
32.60564 9173
32.84659 9326
33.08753 9309
33.32847 9036
33.56942 9071
33.81036 8767
34.05131 8575
34.29225 8188
34.53320 7561
34.77414 7098
35.01509 6584
35.25603 6150
35.49698 5791
35.73792 5355
35.97887 4954
36.21981 4553
36.46075 4267
36.70170 4086
36.94264 3780
37.18359 3639
37.42453 3573
37.66548 3453
37.90642 3335
38.14737 3170
38.38831 2989
38.62926 2936
38.87020 2570
39.11115 2774
39.35209 2643
39.59303 2538
39.83398 2344
40.07492 2259
40.31587 2218
40.55681 2048
40.79776 1941
41.03870 1874
41.27965 1737
41.52059 1679
41.76154 1583
42.00248 1552
42.24343 1442
42.48437 1390
42.72531 1357
42.96626 1318
43.20720 1286
43.44815 1330
43.68909 1234
43.93004 1263
44.17098 1167
44.41193 1235
44.65287 1177
44.89382 1197
45.13476 1168
45.37571 1238
45.61665 1173
45.85759 1126
46.09854 1137
46.33948 1162
46.58043 1211
46.82137 1145
47.06232 1187
47.30326 1151
47.54421 1174
47.78515 1218
48.02610 1139
48.26704 1186
48.50799 1154
48.74893 1113
48.98987 1147
49.23082 1171
49.47176 1147
49.71271 1166
49.95365 1093
50.19460 1142
50.43554 1149
50.67649 1180
50.91743 1175
51.15838 1116
51.39932 1116
51.64027 1179
51.88121 1190
52.12215 1153
52.36310 1112
52.60404 1127
52.84499 1175
53.08593 1171
53.32688 1134
53.56782 1149
53.80877 1224
54.04971 1158
54.29066 1159
54.53160 1179
54.77255 1140
55.01349 1142
55.25443 1117
55.49538 1140
55.73632 1138
55.97727 1083
56.21821 1124
56.45916 1102
56.70010 1125
56.94105 1152
57.18199 1153
57.42294 1149
57.66388 1211
57.90483 1167
58.14577 1163
58.38671 1145
58.62766 1165
58.86860 1172
59.10955 1138
59.35049 1179
59.59144 1194
59.83238 1219
60.07333 1193
60.31427 1165
60.55522 1180
60.79616 1173
61.03711 1208
61.27805 1154
61.51899 1134
61.75994 1184
62.00088 1160
62.24183 1167
62.48277 1157
62.72372 1243
62.96466 1132
63.20561 1268
63.44655 1173
63.68750 1204
63.92844 1193
64.16939 1198
64.41033 1231
64.65127 1224
64.89222 1173
65.13316 1211
65.37411 1174
65.61505 1138
65.85600 1260
66.09694 1204
66.33789 1174
66.57883 1206
66.81978 1192
67.06072 1164
67.30167 1206
67.54261 1157
67.78355 1144
68.02450 1191
68.26544 1182
68.50639 1228
68.74733 1188
68.98828 1242
69.22922 1230
69.47017 1157
69.71111 1153
69.95206 1201
70.19300 1232
70.43395 1217
70.67489 1234
70.91583 1166
71.15678 1288
71.39772 1281
71.63867 1294
71.87961 1196
72.12056 1219
72.36150 1219
72.60245 1268
72.84339 1265
73.08434 1252
73.32528 1288
73.56622 1241
73.80717 1277
74.04811 1281
74.28906 1237
74.53000 1274
74.77095 1294
75.01189 1290
75.25284 1242
75.49378 1300
75.73473 1262
75.97567 1395
76.21662 1294
76.45756 1380
76.69850 1426
76.93945 1349
77.18039 1318
77.42134 1368
77.66228 1374
77.90323 1379
78.14417 1395
78.38512 1360
78.62606 1357
78.86701 1376
79.10795 1413
79.34890 1401
79.58984 1443
79.83078 1441
80.07173 1465
80.31267 1413
80.55362 1489
80.79456 1400
81.03551 1441
81.27645 1342
81.51740 1360
81.75834 1392
81.99929 1303
82.24023 1329
82.48118 1334
82.72212 1379
82.96306 1390
83.20401 1422
83.44495 1336
83.68590 1401
83.92684 1337
84.16779 1300
84.40873 1318
84.64968 1294
84.89062 1289
85.13157 1249
85.37251 1274
85.61346 1282
85.85440 1232
86.09534 1268
86.33629 1238
86.57723 1235
86.81818 1271
87.05912 1191
87.30007 1283
87.54101 1254
87.78196 1249
88.02290 1286
88.26385 1214
88.50479 1258
88.74574 1200
88.98668 1285
89.22762 1207
89.46857 1235
89.70951 1221
89.95046 1303
90.19140 1265
90.43235 1266
90.67329 1256
90.91424 1206
91.15518 1283
91.39613 1254
91.63707 1257
91.87802 1301
92.11896 1233
92.35990 1212
92.60085 1262
92.84179 1282
93.08274 1238
93.32368 1185
93.56463 1247
93.80557 1190
94.04652 1267
94.28746 1167
94.52841 1225
94.76935 1252
95.01030 1290
95.25124 1183
95.49218 1214
95.73313 1174
95.97407 1204
96.21502 1181
96.45596 1193
96.69691 1197
96.93785 1177
97.17880 1137
97.41974 1198
97.66069 1139
97.90163 1111
98.14258 1099
98.38352 1214
98.62446 1136
98.86541 1159
99.10635 1092
99.34730 1160
99.58824 1178
99.82919 1195
100.07013 1195
100.31108 1165
100.55202 1176
100.79297 1174
101.03391 1234
101.27486 1147
101.51580 1228
101.75674 1175
101.99769 1156
102.23863 1098
102.47958 1144
102.72052 1062
102.96147 1142
103.20241 1091
103.44336 1167
103.68430 1112
103.92525 1093
104.16619 1173
104.40714 1067
104.64808 1115
104.88902 1138
105.12997 1166
105.37091 1133
105.61186 1141
105.85280 1154
106.09375 1157
106.33469 1152
106.57564 1189
106.81658 1158
107.05753 1124
107.29847 1170
107.53942 1180
107.78036 1150
108.02130 1224
108.26225 1108
108.50319 1133
108.74414 1192
108.98508 1172
109.22603 1126
109.46697 1146
109.70792 1158
109.94886 1130
110.18981 1190
110.43075 1184
110.67170 1111
110.91264 1158
111.15358 1112
111.39453 1114
111.63547 1122
111.87642 1160
112.11736 1210
112.35831 1077
112.59925 1171
112.84020 1180
113.08114 1126
113.32209 1140
113.56303 1182
113.80398 1202
114.04492 1172
114.28586 1222
114.52681 1144
114.76775 1177
115.00870 1153
115.24964 1128
115.49059 1173
115.73153 1139
115.97248 1128
116.21342 1128
116.45437 1124
116.69531 1220
116.93625 1155
117.17720 1145
117.41814 1111
117.65909 1107
117.90003 1207
118.14098 1205
118.38192 1192
118.62287 1161
118.86381 1156
119.10476 1173
119.34570 1205
119.58665 1168
119.82759 1136
120.06853 1140
120.30948 1163
120.55042 1141
120.79137 1151
121.03231 1153
121.27326 1136
121.51420 1165
121.75515 1244
121.99609 1130
122.23704 1164
122.47798 1155
122.71893 1111
122.95987 1150
123.20081 1187
123.44176 1104
123.68270 1149
123.92365 1120
124.16459 1215
124.40554 1210
124.64648 1174
124.88743 1181
125.12837 1174
125.36932 1209
125.61026 1139
125.85121 1206
126.09215 1168
126.33309 1240
126.57404 1157
126.81498 1123
127.05593 1156
127.29687 1167
127.53782 1135
127.77876 1292
128.01971 1193
128.26065 1226
128.50160 1180
128.74254 1147
128.98349 1220
129.22443 1221
129.46537 1164
129.70632 1149
129.94726 1228
130.18821 1194
130.42915 1182
130.67010 1260
130.91104 1152
131.15199 1139
131.39293 1171
131.63388 1152
131.87482 1203
132.11577 1163
132.35671 1183
132.59765 1159
132.83860 1225
133.07954 1158
133.32049 1175
133.56143 1213
133.80238 1195
134.04332 1175
134.28427 1182
134.52521 1152
134.76616 1125
135.00710 1163
135.24805 1229
135.48899 1163
135.72993 1146
135.97088 1204
136.21182 1153
136.45277 1202
136.69371 1203
136.93466 1212
137.17560 1182
137.41655 1115
137.65749 1147
137.89844 1232
138.13938 1152
138.38033 1186
138.62127 1100
138.86221 1174
139.10316 1171
139.34410 1202
139.58505 1176
139.82599 1155
140.06694 1232
140.30788 1161
140.54883 1181
140.78977 1195
141.03072 1143
141.27166 1141
141.51261 1156
141.75355 1132
141.99449 1201
142.23544 1190
142.47638 1192
142.71733 1183
142.95827 1188
143.19922 1211
143.44016 1219
143.68111 1181
143.92205 1189
144.16300 1181
144.40394 1171
144.64489 1230
144.88583 1191
145.12677 1196
145.36772 1091
145.60866 1141
145.84961 1139
146.09055 1101
146.33150 1148
146.57244 1283
146.81339 1144
147.05433 1165
147.29528 1258
147.53622 1255
147.77717 1185
148.01811 1281
148.25905 1203
148.50000 1161
148.74094 1151
148.98189 1218
149.22283 1197
149.46378 1204
149.70472 1165
149.94567 1222
150.18661 1196
150.42756 1255
150.66850 1210
150.90945 1168
151.15039 1223
151.39133 1207
151.63228 1182
151.87322 1155
152.11417 1231
152.35511 1146
152.59606 1218
152.83700 1188
153.07795 1276
153.31889 1186
153.55984 1135
153.80078 1244
154.04173 1233
154.28267 1209
154.52361 1167
154.76456 1192
155.00550 1213
155.24645 1263
155.48739 1178
155.72834 1187
155.96928 1158
156.21023 1267
156.45117 1212
156.69212 1164
156.93306 1255
157.17401 1257
157.41495 1207
157.65589 1205
157.89684 1182
158.13778 1161
158.37873 1197
158.61967 1216
158.86062 1223
159.10156 1173
159.34251 1207
159.58345 1151
159.82440 1234
160.06534 1218
160.30628 1215
160.54723 1154
160.78817 1187
161.02912 1178
161.27006 1206
161.51101 1166
161.75195 1187
161.99290 1136
162.23384 1216
162.47479 1250
162.71573 1142
162.95668 1230
163.19762 1215
163.43856 1263
163.67951 1244
163.92045 1212
164.16140 1266
164.40234 1166
164.64329 1242
164.88423 1210
165.12518 1325
165.36612 1241
165.60707 1119
165.84801 1231
166.08896 1207
166.32990 1296
166.57084 1274
166.81179 1185
167.05273 1192
167.29368 1236
167.53462 1197
167.77557 1176
168.01651 1279
168.25746 1259
168.49840 1204
168.73935 1268
168.98029 1243
169.22124 1234
169.46218 1203
169.70312 1266
169.94407 1239
170.18501 1246
170.42596 1235
170.66690 1202
170.90785 1273
171.14879 1267
171.38974 1296
171.63068 1240
171.87163 1274
172.11257 1226
172.35352 1234
172.59446 1267
172.83540 1248
173.07635 1304
173.31729 1304
173.55824 1244
173.79918 1238
174.04013 1241
174.28107 1255
174.52202 1203
174.76296 1279
175.00391 1278
175.24485 1255
175.48580 1327
175.72674 1305
175.96768 1286
176.20863 1291
176.44957 1278
176.69052 1285
176.93146 1290
177.17241 1310
177.41335 1258
177.65430 1380
177.89524 1227
178.13619 1371
178.37713 1342
178.61808 1365
178.85902 1374
179.09996 1376
179.34091 1354
179.58185 1344
179.82280 1387
180.06374 1378
180.30469 1363
180.54563 1399
180.78658 1461
181.02752 1404
181.26847 1377
181.50941 1409
181.75036 1391
181.99130 1478
182.23224 1469
182.47319 1487
182.71413 1483
182.95508 1437
183.19602 1491
183.43697 1446
183.67791 1517
183.91886 1533
184.15980 1505
184.40075 1502
184.64169 1510
184.88264 1521
185.12358 1511
185.36452 1568
185.60547 1504
185.84641 1561
186.08736 1533
186.32830 1546
186.56925 1643
186.81019 1504
187.05114 1552
187.29208 1649
187.53303 1649
187.77397 1563
188.01492 1645
188.25586 1651
188.49680 1692
188.73775 1654
188.97869 1693
189.21964 1666
189.46058 1724
189.70153 1730
189.94247 1746
190.18342 1690
190.42436 1680
190.66531 1739
190.90625 1777
191.14720 1724
191.38814 1681
191.62908 1785
191.87003 1816
192.11097 1806
192.35192 1842
192.59286 1862
192.83381 1818
193.07475 1824
193.31570 1758
193.55664 1760
193.79759 1826
194.03853 1867
194.27948 1803
194.52042 1763
194.76136 1793
195.00231 1819
195.24325 1802
195.48420 1874
195.72514 1769
195.96609 1870
196.20703 1714
196.44798 1848
196.68892 1834
196.92987 1875
197.17081 1863
197.41176 1839
197.65270 1922
197.89364 1928
198.13459 1968
198.37553 1828
198.61648 1862
198.85742 1892
199.09837 1899
199.33931 1813
199.58026 1953
199.82120 1838
200.06215 1895
200.30309 1861
200.54404 1894
200.78498 1898
201.02592 1807
201.26687 1850
201.50781 1898
201.74876 1813
201.98970 1858
202.23065 1838
202.47159 1764
202.71254 1841
202.95348 1811
203.19443 1793
203.43537 1792
203.67631 1867
203.91726 1877
204.15820 1835
204.39915 1743
204.64009 1804
204.88104 1745
205.12198 1886
205.36293 1800
205.60387 1804
205.84482 1815
206.08576 1881
206.32671 1842
206.56765 1782
206.80859 1704
207.04954 1711
207.29048 1719
207.53143 1750
207.77237 1754
208.01332 1680
208.25426 1807
208.49521 1699
208.73615 1817
208.97710 1718
209.21804 1670
209.45899 1711
209.69993 1750
209.94087 1803
210.18182 1700
210.42276 1644
210.66371 1770
210.90465 1624
211.14560 1724
211.38654 1680
211.62749 1758
211.86843 1661
212.10938 1657
212.35032 1628
212.59127 1591
212.83221 1655
213.07315 1620
213.31410 1729
213.55504 1681
213.79599 1623
214.03693 1658
214.27788 1654
214.51882 1732
214.75977 1600
215.00071 1627
215.24166 1594
215.48260 1558
215.72355 1538
215.96449 1667
216.20543 1624
216.44638 1616
216.68732 1582
216.92827 1579
217.16921 1578
217.41016 1615
217.65110 1602
217.89205 1619
218.13299 1519
218.37394 1599
218.61488 1570
218.85583 1577
219.09677 1562
219.33771 1658
219.57866 1533
219.81960 1521
220.06055 1582
220.30149 1522
220.54244 1494
220.78338 1592
221.02433 1575
221.26527 1589
221.50622 1497
221.74716 1568
221.98811 1572
222.22905 1524
222.46999 1602
222.71094 1517
222.95188 1484
223.19283 1472
223.43377 1517
223.67472 1508
223.91566 1492
224.15661 1475
224.39755 1479
224.63850 1506
224.87944 1525
225.12039 1578
225.36133 1484
225.60227 1530
225.84322 1471
226.08416 1535
226.32511 1487
226.56605 1469
226.80700 1420
227.04794 1476
227.28889 1498
227.52983 1451
227.77078 1482
228.01172 1492
228.25267 1445
228.49361 1475
228.73455 1478
228.97550 1385
229.21644 1489
229.45739 1409
229.69833 1466
229.93928 1404
230.18022 1423
230.42117 1418
230.66211 1425
230.90306 1440
231.14400 1439
231.38495 1366
231.62589 1424
231.86683 1458
232.10778 1471
232.34872 1313
232.58967 1429
232.83061 1370
233.07156 1482
233.31250 1431
233.55345 1427
233.79439 1408
234.03534 1400
234.27628 1365
234.51723 1359
234.75817 1398
234.99911 1346
235.24006 1387
235.48100 1419
235.72195 1371
235.96289 1406
236.20384 1439
236.44478 1454
236.68573 1366
236.92667 1430
237.16762 1431
237.40856 1403
237.64951 1358
237.89045 1358
238.13139 1463
238.37234 1381
238.61328 1425
238.85423 1362
239.09517 1348
239.33612 1334
239.57706 1316
239.81801 1367
240.05895 1362
240.29990 1335
240.54084 1322
240.78179 1321
241.02273 1419
241.26367 1324
241.50462 1349
241.74556 1365
241.98651 1331
242.22745 1409
242.46840 1378
242.70934 1315
242.95029 1374
243.19123 1297
243.43218 1323
243.67312 1311
243.91407 1316
244.15501 1340
244.39595 1288
244.63690 1334
244.87784 1401
245.11879 1299
245.35973 1298
245.60068 1330
245.84162 1315
246.08257 1352
246.32351 1359
246.56446 1296
246.80540 1274
247.04634 1302
247.28729 1305
247.52823 1274
247.76918 1315
248.01012 1344
248.25107 1337
248.49201 1308
248.73296 1249
248.97390 1240
249.21485 1251
249.45579 1308
249.69674 1311
249.93768 1303
250.17862 1281
250.41957 1290
250.66051 1292
250.90146 1242
251.14240 1339
251.38335 1287
251.62429 1278
251.86524 1341
252.10618 1262
252.34713 1286
252.58807 1276
252.82902 1330
253.06996 1263
253.31090 1245
253.55185 1305
253.79279 1295
254.03374 1186
254.27468 1260
254.51563 1295
254.75657 1312
254.99752 1208
255.23846 1291
255.47941 1224
255.72035 1232
255.96130 1224
256.20224 1196
256.44318 1255
256.68413 1201
256.92507 1251
257.16602 1224
257.40696 1245
257.64791 1266
257.88885 1242
258.12980 1282
258.37074 1251
258.61169 1278
258.85263 1269
259.09358 1329
259.33452 1241
259.57546 1229
259.81641 1248
260.05735 1189
260.29830 1210
260.53924 1295
260.78019 1207
261.02113 1243
261.26208 1266
261.50302 1210
261.74397 1246
261.98491 1237
262.22586 1153
262.46680 1222
262.70774 1295
262.94869 1216
263.18963 1221
263.43058 1246
263.67152 1196
263.91247 1189
264.15341 1253
264.39436 1279
264.63530 1225
264.87625 1209
265.11719 1221
265.35814 1165
265.59908 1172
265.84002 1239
266.08097 1165
266.32191 1157
266.56286 1222
266.80380 1191
267.04475 1185
267.28569 1096
267.52664 1267
267.76758 1158
268.00853 1232
268.24947 1241
268.49042 1219
268.73136 1196
268.97230 1182
269.21325 1215
269.45419 1149
269.69514 1187
269.93608 1191
270.17703 1205
270.41797 1222
270.65892 1225
270.89986 1153
271.14081 1109
271.38175 1189
271.62270 1213
271.86364 1208
272.10458 1180
272.34553 1151
272.58647 1190
272.82742 1186
273.06836 1164
273.30931 1140
273.55025 1192
273.79120 1196
274.03214 1171
274.27309 1153
274.51403 1153
274.75498 1215
274.99592 1216
275.23686 1170
275.47781 1148
275.71875 1123
275.95970 1156
276.20064 1151
276.44159 1148
276.68253 1151
276.92348 1124
277.16442 1173
277.40537 1147
277.64631 1120
277.88726 1189
278.12820 1203
278.36914 1177
278.61009 1186
278.85103 1179
279.09198 1166
279.33292 1125
279.57387 1147
279.81481 1074
280.05576 1216
280.29670 1097
280.53765 1156
280.77859 1157
281.01954 1076
281.26048 1154
281.50142 1184
281.74237 1119
281.98331 1160
282.22426 1160
282.46520 1139
282.70615 1118
282.94709 1141
283.18804 1152
283.42898 1150
283.66993 1118
283.91087 1138
284.15182 1115
284.39276 1063
284.63370 1071
284.87465 1134
285.11559 1099
285.35654 1079
285.59748 1126
285.83843 1187
286.07937 1172
286.32032 1114
286.56126 1093
286.80221 1138
287.04315 1156
287.28410 1150
287.52504 1166
287.76598 1135
288.00693 1196
288.24787 1089
288.48882 1096
288.72976 1102
288.97071 1117
289.21165 1168
289.45260 1129
289.69354 1150
289.93449 1113
290.17543 1128
290.41637 1175
290.65732 1113
290.89826 1135
291.13921 1128
291.38015 1180
291.62110 1178
291.86204 1088
292.10299 1123
292.34393 1157
292.58488 1085
292.82582 1105
293.06677 1114
293.30771 1154
293.54865 1115
293.78960 1128
294.03054 1158
294.27149 1085
294.51243 1116
294.75338 1136
294.99432 1152
295.23527 1114
295.47621 1107
295.71716 1133
295.95810 1174
296.19905 1177
296.43999 1127
296.68093 1081
296.92188 1074
297.16282 1146
297.40377 1122
297.64471 1116
297.88566 1043
298.12660 1059
298.36755 1116
298.60849 1156
298.84944 1172
299.09038 1114
299.33133 1127
299.57227 1037
299.81321 1065
300.05416 1140
300.29510 1135
300.53605 1078
300.77699 1115
301.01794 1138
301.25888 1109
301.49983 1102
301.74077 1197
301.98172 1131
302.22266 1064
302.46361 1136
302.70455 1128
302.94549 1128
303.18644 1075
303.42738 1093
303.66833 1081
303.90927 1155
304.15022 1071
304.39116 1091
304.63211 1037
304.87305 1117
305.11400 1059
305.35494 1135
305.59589 1078
305.83683 1109
306.07777 1027
306.31872 1082
306.55966 1133
306.80061 1072
307.04155 1068
307.28250 1069
307.52344 1076
307.76439 1141
308.00533 1056
308.24628 1078
308.48722 1050
308.72817 1156
308.96911 1076
309.21005 1102
309.45100 1059
309.69194 1091
309.93289 1088
310.17383 1086
310.41478 1106
310.65572 1103
310.89667 1046
311.13761 1081
311.37856 1036
311.61950 1085
311.86045 1073
312.10139 1131
312.34233 1090
312.58328 1103
312.82422 1149
313.06517 1050
313.30611 1100
313.54706 1104
313.78800 1088
314.02895 1102
314.26989 1081
314.51084 1043
314.75178 1075
314.99273 1131
315.23367 1090
315.47461 1123
315.71556 1096
315.95650 1070
316.19745 1072
316.43839 1107
316.67934 1075
316.92028 1089
317.16123 1097
317.40217 1093
317.64312 1025
317.88406 1054
318.12501 1088
318.36595 1067
318.60689 1057
318.84784 1104
319.08878 1055
319.32973 1115
319.57067 1043
319.81162 1027
320.05256 1108
320.29351 1068
320.53445 1093
320.77540 1090
321.01634 1081
321.25729 1097
321.49823 1060
321.73917 1043
321.98012 1095
322.22106 1082
322.46201 1033
322.70295 1076
322.94390 1051
323.18484 1066
323.42579 1086
323.66673 1107
323.90768 1031
324.14862 1076
324.38957 1069
324.63051 1053
324.87145 1070
325.11240 1032
325.35334 991
325.59429 1034
325.83523 1042
326.07618 1064
326.31712 1065
326.55807 1044
326.79901 1052
327.03996 1014
327.28090 1005
327.52185 1071
327.76279 1047
328.00373 1035
328.24468 1033
328.48562 1111
328.72657 1060
328.96751 1039
329.20846 1070
329.44940 1078
329.69035 1081
329.93129 1058
330.17224 1032
330.41318 988
330.65413 1065
330.89507 1103
331.13601 1008
331.37696 1102
331.61790 1069
331.85885 1039
332.09979 1047
332.34074 1067
332.58168 1047
332.82263 1013
333.06357 1114
333.30452 1089
333.54546 1071
333.78640 1074
334.02735 1006
334.26829 1017
334.50924 1076
334.75018 1083
334.99113 1022
335.23207 1045
335.47302 1009
335.71396 1042
335.95491 1049
336.19585 1056
336.43680 1029
336.67774 1045
336.91868 1056
337.15963 1067
337.40057 1012
337.64152 1025
337.88246 1060
338.12341 1058
338.36435 980
338.60530 1097
338.84624 1082
339.08719 1006
339.32813 1025
339.56908 1109
339.81002 1082
340.05096 1075
340.29191 1039
340.53285 1044
340.77380 1056
341.01474 987
341.25569 1071
341.49663 1046
341.73758 1050
341.97852 1049
342.21947 1112
342.46041 1049
342.70136 1129
342.94230 998
343.18324 1079
343.42419 1051
343.66513 1001
343.90608 1031
344.14702 1089
344.38797 978
344.62891 1096
344.86986 1070
345.11080 1053
345.35175 1057
345.59269 1117
345.83364 1053
346.07458 1033
346.31552 1051
346.55647 1073
346.79741 1024
347.03836 1051
347.27930 1050
347.52025 1059
347.76119 1091
348.00214 1084
348.24308 1031
348.48403 1017
348.72497 1050
348.96592 1022
349.20686 1049
349.44780 1020
349.68875 1030
349.92969 1054
350.17064 1012
350.41158 1065
350.65253 1010
350.89347 1054
351.13442 1069
351.37536 1102
351.61631 1021
351.85725 1029
352.09820 1046
352.33914 1049
352.58008 1038
352.82103 1016
353.06197 1046
353.30292 1032
353.54386 1041
353.78481 989
354.02575 1037
354.26670 1042
354.50764 1054
354.74859 1067
354.98953 1061
355.23048 1048
355.47142 992
355.71236 1074
355.95331 1030
356.19425 1012
356.43520 1073
356.67614 1021
356.91709 1009
357.15803 1020
357.39898 1008
357.63992 1031
357.88087 1044
358.12181 1003
358.36276 1021
358.60370 1008
358.84464 986
359.08559 1026
359.32653 1058
359.56748 1049
359.80842 1055
360.04937 994
360.29031 1044
360.53126 1070
360.77220 1084
361.01315 1045
361.25409 991
361.49504 1019
361.73598 991
361.97692 1095
362.21787 1024
362.45881 1024
362.69976 996
362.94070 1029
363.18165 1033
363.42259 1002
363.66354 1013
363.90448 1045
364.14543 1008
364.38637 1069
364.62732 1078
364.86826 989
365.10920 1025
365.35015 1020
365.59109 964
365.83204 1049
366.07298 1113
366.31393 1013
366.55487 1049
366.79582 994
367.03676 1043
367.27771 1062
367.51865 1019
367.75960 1032
368.00054 1009
368.24148 1020
368.48243 1097
368.72337 1028
368.96432 1005
369.20526 998
369.44621 1074
369.68715 1015
369.92810 1075
370.16904 1026
370.40999 979
370.65093 1042
370.89188 1011
371.13282 1045
371.37376 995
371.61471 1087
371.85565 1050
372.09660 1059
372.33754 1046
372.57849 997
372.81943 1045
373.06038 1032
373.30132 1015
373.54227 1037
373.78321 1094
374.02416 1073
374.26510 1061
374.50604 1102
374.74699 1051
374.98793 1001
375.22888 1019
375.46982 1050
375.71077 1001
375.95171 1038
376.19266 1000
376.43360 1029
376.67455 1009
376.91549 1012
377.15643 1028
377.39738 1006
377.63832 1001
377.87927 985
378.12021 1049
378.36116 954
378.60210 1026
378.84305 1033
379.08399 1038
379.32494 1021
379.56588 990
379.80683 1030
380.04777 1061
380.28871 1011
380.52966 1002
380.77060 1069
381.01155 980
381.25249 1012
381.49344 1057
381.73438 1071
381.97533 1074
382.21627 1050
382.45722 1084
382.69816 1061
382.93911 1040
383.18005 1085
383.42099 1034
383.66194 1043
383.90288 1071
384.14383 1020
384.38477 1103
384.62572 1068
384.86666 1049
385.10761 1052
385.34855 1127
385.58950 1018
385.83044 1021
386.07139 985
386.31233 1013
386.55327 1013
386.79422 1082
387.03516 1051
387.27611 1039
387.51705 1045
387.75800 1026
387.99894 977
388.23989 1018
388.48083 1090
388.72178 1053
388.96272 1046
389.20367 1085
389.44461 993
389.68555 1016
389.92650 1058
390.16744 1035
390.40839 1073
390.64933 1048
390.89028 981
391.13122 1029
391.37217 1088
391.61311 1093
391.85406 1039
392.09500 1029
392.33595 1040
392.57689 1045
392.81783 1082
393.05878 1085
393.29972 1065
393.54067 1019
393.78161 994
394.02256 1037
394.26350 1063
394.50445 1037
394.74539 1088
394.98634 1008
395.22728 1040
395.46823 1007
395.70917 1121
395.95011 936
396.19106 1031
396.43200 1085
396.67295 1030
396.91389 1016
397.15484 1066
397.39578 1035
397.63673 1022
397.87767 1009
398.11862 1045
398.35956 1062
398.60051 1076
398.84145 1047
399.08239 1064
399.32334 1020
399.56428 1107
399.80523 1070
400.04617 1059
400.28712 1123
400.52806 1019
400.76901 1017
401.00995 1066
401.25090 1048
401.49184 1039
401.73279 1059
401.97373 1035
402.21467 1033
402.45562 1010
402.69656 964
402.93751 970
403.17845 1002
403.41940 1069
403.66034 1087
403.90129 1016
404.14223 1089
404.38318 1036
404.62412 1031
404.86507 1021
405.10601 1056
405.34695 992
405.58790 1034
405.82884 991
406.06979 1024
406.31073 1055
406.55168 1059
406.79262 1035
407.03357 1028
407.27451 1049
407.51546 1043
407.75640 1071
407.99735 1052
408.23829 1049
408.47923 1010
408.72018 1091
408.96112 1043
409.20207 997
409.44301 997
409.68396 1072
409.92490 1055
410.16585 964
410.40679 1101
410.64774 1039
410.88868 1038
411.12963 1063
411.37057 1080
411.61151 1088
411.85246 1018
412.09340 1051
412.33435 1009
412.57529 1010
412.81624 1061
413.05718 1078
413.29813 1084
413.53907 1019
413.78002 1086
414.02096 1020
414.26191 1015
414.50285 1035
414.74379 1103
414.98474 1055
415.22568 1082
415.46663 1057
415.70757 1021
415.94852 1049
416.18946 1040
416.43041 1089
416.67135 1062
416.91230 1094
417.15324 1042
417.39419 1070
417.63513 1054
417.87607 1028
418.11702 1009
418.35796 1092
418.59891 1070
418.83985 1089
419.08080 1064
419.32174 1016
419.56269 1059
419.80363 1035
420.04458 1066
420.28552 1000
420.52646 1048
420.76741 1056
421.00835 1066
421.24930 1126
421.49024 1097
421.73119 1030
421.97213 1063
422.21308 1036
422.45402 1089
422.69497 1096
422.93591 1098
423.17686 1041
423.41780 1003
423.65874 1046
423.89969 1069
424.14063 1055
424.38158 1066
424.62252 1056
424.86347 1075
425.10441 1097
425.34536 1038
425.58630 1070
425.82725 1100
426.06819 1099
426.30914 1051
426.55008 1156
426.79102 1006
427.03197 1052
427.27291 1027
427.51386 1099
427.75480 1103
427.99575 1077
428.23669 1056
428.47764 1037
428.71858 1065
428.95953 1038
429.20047 1004
429.44142 1095
429.68236 1069
429.92330 1024
430.16425 1029
430.40519 1076
430.64614 1090
430.88708 1070
431.12803 1081
431.36897 1094
431.60992 1071
431.85086 1079
432.09181 1042
432.33275 1095
432.57370 1067
432.81464 1039
433.05558 1069
433.29653 1058
433.53747 1033
433.77842 1136
434.01936 1119
434.26031 1055
434.50125 1051
434.74220 1086
434.98314 1073
435.22409 1011
435.46503 1076
435.70598 1065
435.94692 1075
436.18786 1115
436.42881 1078
436.66975 1059
436.91070 999
437.15164 1066
437.39259 1047
437.63353 1047
437.87448 1069
438.11542 1035
438.35637 1057
438.59731 1037
438.83826 1188
439.07920 1019
439.32014 1062
439.56109 1087
439.80203 1110
440.04298 1029
440.28392 1039
440.52487 1082
440.76581 1065
441.00676 1054
441.24770 1051
441.48865 1127
441.72959 1075
441.97054 1021
442.21148 989
442.45242 1036
442.69337 985
442.93431 1082
443.17526 1076
443.41620 1040
443.65715 1032
443.89809 1085
444.13904 1101
444.37998 1049
444.62093 1011
444.86187 1030
445.10282 1046
445.34376 1086
445.58470 1095
445.82565 1054
446.06659 1005
446.30754 1051
446.54848 1031
446.78943 1066
447.03037 1061
447.27132 1020
447.51226 1007
447.75321 1018
447.99415 1044
448.23510 1013
448.47604 1079
448.71698 1091
448.95793 994
449.19887 1059
449.43982 1079
449.68076 1023
449.92171 1127
450.16265 1063
450.40360 1005
450.64454 1030
450.88549 1040
451.12643 1013
451.36738 991
451.60832 1077
451.84926 1055
452.09021 985
452.33115 972
452.57210 947
452.81304 1062
453.05399 974
453.29493 1036
453.53588 997
453.77682 1027
454.01777 962
454.25871 1022
454.49966 1000
454.74060 950
454.98154 1022
455.22249 1031
455.46343 957
455.70438 950
455.94532 959
456.18627 967
456.42721 1037
456.66816 982
456.90910 997
457.15005 995
457.39099 893
457.63194 1007
457.87288 998
458.11382 969
458.35477 961
458.59571 919
458.83666 974
459.07760 975
459.31855 908
459.55949 920
459.80044 899
460.04138 976
460.28233 925
460.52327 890
460.76421 861
461.00516 913
461.24610 929
461.48705 846
461.72799 889
461.96894 883
462.20988 853
462.45083 865
462.69177 931
462.93272 895
463.17366 866
463.41461 823
463.65555 844
463.89649 886
464.13744 797
464.37838 881
464.61933 862
464.86027 819
465.10122 822
465.34216 847
465.58311 859
465.82405 800
466.06500 796
466.30594 805
466.54689 825
466.78783 817
467.02877 811
467.26972 786
467.51066 818
467.75161 809
467.99255 791
468.23350 790
468.47444 780
468.71539 780
468.95633 796
469.19728 749
469.43822 748
469.67917 790
469.92011 766
470.16105 729
470.40200 737
470.64294 795
470.88389 706
471.12483 773
471.36578 711
471.60672 724
471.84767 712
472.08861 709
472.32956 730
472.57050 691
472.81145 699
473.05239 714
473.29333 716
473.53428 679
473.77522 692
474.01617 650
474.25711 652
474.49806 703
474.73900 659
474.97995 698
475.22089 649
475.46184 655
475.70278 636
475.94373 668
476.18467 650
476.42561 662
476.66656 669
476.90750 619
477.14845 577
477.38939 611
477.63034 612
477.87128 623
478.11223 640
478.35317 611
478.59412 577
478.83506 550
479.07601 608
479.31695 639
479.55789 613
479.79884 592
480.03978 547
480.28073 594
480.52167 587
480.76262 578
481.00356 529
481.24451 584
481.48545 594
481.72640 546
481.96734 535
482.20829 555
482.44923 543
482.69017 572
482.93112 487
483.17206 527
483.41301 521
483.65395 549
483.89490 524
484.13584 548
484.37679 477
484.61773 547
484.85868 540
485.09962 508
485.34057 498
485.58151 497
485.82245 542
486.06340 506
486.30434 481
486.54529 438
486.78623 476
487.02718 463
487.26812 508
487.50907 469
487.75001 483
487.99096 483
488.23190 442
488.47285 459
488.71379 491
488.95473 453
489.19568 480
489.43662 488
489.67757 468
489.91851 450
490.15946 447
490.40040 454
490.64135 414
490.88229 482
491.12324 399
491.36418 419
491.60513 389
491.84607 417
492.08701 425
492.32796 408
492.56890 413
492.80985 407
493.05079 434
493.29174 388
493.53268 372
493.77363 386
494.01457 397
494.25552 410
494.49646 412
494.73741 408
494.97835 403
495.21929 386
495.46024 352
495.70118 429
495.94213 387
496.18307 394
496.42402 384
496.66496 401
496.90591 399
497.14685 417
497.38780 393
497.62874 362
497.86969 387
498.11063 368
498.35157 380
498.59252 389
498.83346 387
499.07441 364
499.31535 388
499.55630 361
499.79724 368
500.03819 399
500.27913 335
500.52008 320
500.76102 357
501.00197 360
501.24291 351
501.48385 361
501.72480 366
501.96574 344
502.20669 323
502.44763 367
502.68858 354
502.92952 367
503.17047 342
503.41141 329
503.65236 357
503.89330 340
504.13424 330
504.37519 371
504.61613 337
504.85708 293
505.09802 364
505.33897 343
505.57991 351
505.82086 339
506.06180 340
506.30275 329
506.54369 350
506.78464 306
507.02558 341
507.26652 330
507.50747 309
507.74841 371
507.98936 328
508.23030 317
508.47125 293
508.71219 334
508.95314 314
509.19408 291
509.43503 322
509.67597 298
509.91692 374
510.15786 334
510.39880 316
510.63975 321
510.88069 293
511.12164 303
511.36258 298
511.60353 309
511.84447 331
512.08542 314
512.32636 298
512.56731 297
512.80825 265
513.04920 309
513.29014 302
513.53108 321
513.77203 297
514.01297 295
514.25392 295
514.49486 305
514.73581 310
514.97675 343
515.21770 310
515.45864 284
515.69959 298
515.94053 309
516.18148 283
516.42242 295
516.66336 283
516.90431 299
517.14525 272
517.38620 328
517.62714 310
517.86809 285
518.10903 269
518.34998 275
518.59092 274
518.83187 280
519.07281 287
519.31376 262
519.55470 310
519.79564 252
520.03659 277
520.27753 262
520.51848 276
520.75942 291
521.00037 294
521.24131 274
521.48226 259
521.72320 269
521.96415 286
522.20509 259
522.44604 269
522.68698 286
522.92792 282
523.16887 297
523.40981 307
523.65076 278
523.89170 278
524.13265 271
524.37359 271
524.61454 261
524.85548 268
525.09643 262
525.33737 253
525.57832 245
525.81926 283
526.06020 282
526.30115 253
526.54209 279
526.78304 291
527.02398 240
527.26493 271
527.50587 267
527.74682 269
527.98776 247
528.22871 228
528.46965 248
528.71060 238
528.95154 236
529.19248 270
529.43343 245
529.67437 253
529.91532 248
530.15626 240
530.39721 268
530.63815 278
530.87910 256
531.12004 279
531.36099 282
531.60193 261
531.84288 251
532.08382 238
532.32476 264
532.56571 219
532.80665 219
533.04760 263
533.28854 269
533.52949 270
533.77043 240
534.01138 239
534.25232 255
534.49327 214
534.73421 256
534.97516 258
535.21610 240
535.45704 242
535.69799 239
535.93893 227
536.17988 258
536.42082 243
536.66177 245
536.90271 232
537.14366 245
537.38460 248
537.62555 240
537.86649 222
538.10744 219
538.34838 241
538.58932 216
538.83027 216
539.07121 273
539.31216 229
539.55310 222
539.79405 227
540.03499 226
540.27594 223
540.51688 233
540.75783 227
540.99877 214
541.23972 237
541.48066 232
541.72160 218
541.96255 229
542.20349 234
542.44444 240
542.68538 234
542.92633 227
543.16727 252
543.40822 246
543.64916 234
543.89011 217
544.13105 215
544.37200 238
544.61294 221
544.85388 226
545.09483 243
545.33577 222
545.57672 238
545.81766 214
546.05861 218
546.29955 221
546.54050 221
546.78144 219
547.02239 229
547.26333 233
547.50427 250
547.74522 228
547.98616 215
548.22711 240
548.46805 221
548.70900 240
548.94994 250
549.19089 202
549.43183 238
549.67278 221
549.91372 203
550.15467 218
550.39561 224
550.63655 204
550.87750 215
551.11844 219
551.35939 208
551.60033 243
551.84128 212
552.08222 190
552.32317 243
552.56411 226
552.80506 242
553.04600 219
553.28695 204
553.52789 216
553.76883 218
554.00978 244
554.25072 216
554.49167 216
554.73261 230
554.97356 244
555.21450 201
555.45545 252
555.69639 221
555.93734 228
556.17828 184
556.41923 196
556.66017 244
556.90111 215
557.14206 205
557.38300 239
557.62395 205
557.86489 223
558.10584 199
558.34678 217
558.58773 215
558.82867 204
559.06962 233
559.31056 219
559.55151 264
559.79245 244
560.03339 217
560.27434 229
560.51528 192
560.75623 242
560.99717 203
561.23812 210
561.47906 230
561.72001 221
561.96095 185
562.20190 209
562.44284 213
562.68379 189
562.92473 197
563.16567 218
563.40662 203
563.64756 191
563.88851 213
564.12945 205
564.37040 229
564.61134 216
564.85229 237
565.09323 223
565.33418 227
565.57512 228
565.81607 224
566.05701 202
566.29795 218
566.53890 222
566.77984 218
567.02079 226
567.26173 237
567.50268 217
567.74362 228
567.98457 194
568.22551 211
568.46646 227
568.70740 204
568.94835 238
569.18929 214
569.43023 213
569.67118 208
569.91212 221
570.15307 216
570.39401 215
570.63496 214
570.87590 239
571.11685 228
571.35779 210
571.59874 229
571.83968 235
572.08063 212
572.32157 249
572.56251 219
572.80346 233
573.04440 191
573.28535 225
573.52629 209
573.76724 223
574.00818 228
574.24913 209
574.49007 234
574.73102 220
574.97196 229
575.21291 236
575.45385 230
575.69479 229
575.93574 210
576.17668 194
576.41763 239
576.65857 231
576.89952 218
577.14046 210
577.38141 223
577.62235 217
577.86330 247
578.10424 251
578.34519 214
578.58613 219
578.82707 214
579.06802 250
579.30896 223
579.54991 256
579.79085 238
580.03180 221
580.27274 215
580.51369 252
580.75463 233
580.99558 225
581.23652 215
581.47747 193
581.71841 227
581.95935 234
582.20030 232
582.44124 238
582.68219 224
582.92313 250
583.16408 215
583.40502 264
583.64597 235
583.88691 230
584.12786 248
584.36880 214
584.60975 251
584.85069 221
585.09163 228
585.33258 223
585.57352 242
585.81447 241
586.05541 247
586.29636 233
586.53730 223
586.77825 233
587.01919 237
587.26014 237
587.50108 256
587.74203 223
587.98297 258
588.22391 234
588.46486 253
588.70580 245
588.94675 240
589.18769 237
589.42864 242
589.66958 247
589.91053 277
590.15147 245
590.39242 266
590.63336 218
590.87430 248
591.11525 285
591.35619 257
591.59714 263
591.83808 242
592.07903 244
592.31997 254
592.56092 257
592.80186 247
593.04281 263
593.28375 298
593.52470 259
593.76564 295
594.00658 273
594.24753 269
594.48847 259
594.72942 302
594.97036 263
595.21131 270
595.45225 238
595.69320 283
595.93414 270
596.17509 273
596.41603 309
596.65698 285
596.89792 292
597.13886 283
597.37981 289
597.62075 259
597.86170 287
598.10264 256
598.34359 304
598.58453 267
598.82548 290
599.06642 282
599.30737 278
599.54831 294
599.78926 294
600.03020 284
600.27114 288
600.51209 298
600.75303 289
600.99398 351
601.23492 301
601.47587 311
601.71681 306
601.95776 326
602.19870 308
602.43965 321
602.68059 309
602.92154 358
603.16248 353
603.40342 343
603.64437 335
603.88531 350
604.12626 358
604.36720 348
604.60815 363
604.84909 319
605.09004 377
605.33098 329
605.57193 338
605.81287 387
606.05382 386
606.29476 334
606.53570 397
606.77665 413
607.01759 371
607.25854 389
607.49948 417
607.74043 439
607.98137 396
608.22232 436
608.46326 404
608.70421 382
608.94515 402
609.18610 436
609.42704 445
609.66798 474
609.90893 444
610.14987 486
610.39082 479
610.63176 454
610.87271 483
611.11365 497
611.35460 511
611.59554 476
611.83649 526
612.07743 550
612.31838 524
612.55932 548
612.80026 527
613.04121 567
613.28215 610
613.52310 607
613.76404 601
614.00499 612
614.24593 601
614.48688 594
614.72782 574
614.96877 596
615.20971 674
615.45066 619
615.69160 703
615.93254 689
616.17349 641
616.41443 762
616.65538 688
616.89632 760
617.13727 763
617.37821 732
617.61916 779
617.86010 779
618.10105 778
618.34199 863
618.58294 801
618.82388 879
619.06482 938
619.30577 849
619.54671 886
619.78766 966
620.02860 955
620.26955 976
620.51049 938
620.75144 967
620.99238 937
621.23333 982
621.47427 1058
621.71522 1079
621.95616 1112
622.19710 1130
622.43805 1130
622.67899 1219
622.91994 1197
623.16088 1172
623.40183 1181
623.64277 1220
623.88372 1269
624.12466 1280
624.36561 1277
624.60655 1304
624.84750 1308
625.08844 1394
625.32938 1379
625.57033 1423
625.81127 1571
626.05222 1596
626.29316 1499
626.53411 1531
626.77505 1572
627.01600 1580
627.25694 1579
627.49789 1695
627.73883 1670
627.97978 1705
628.22072 1759
628.46166 1812
628.70261 1745
628.94355 1848
629.18450 1817
629.42544 1860
629.66639 1888
629.90733 1914
630.14828 1989
630.38922 2032
630.63017 2083
630.87111 2075
631.11206 2182
631.35300 2224
631.59394 2349
631.83489 2176
632.07583 2265
632.31678 2274
632.55772 2403
632.79867 2499
633.03961 2455
633.28056 2505
633.52150 2531
633.76245 2655
634.00339 2637
634.24433 2579
634.48528 2722
634.72622 2728
634.96717 2806
635.20811 2780
635.44906 2992
635.69000 2851
635.93095 2967
636.17189 3058
636.41284 3014
636.65378 3109
636.89473 3152
637.13567 3259
637.37661 3161
637.61756 3175
637.85850 3283
638.09945 3334
638.34039 3323
638.58134 3435
638.82228 3591
639.06323 3504
639.30417 3520
639.54512 3661
639.78606 3712
640.02701 3792
640.26795 3791
640.50889 3986
640.74984 3870
640.99078 4014
641.23173 3914
641.47267 4125
641.71362 4149
641.95456 4175
642.19551 4167
642.43645 4411
642.67740 4358
642.91834 4333
643.15929 4399
643.40023 4445
643.64117 4618
643.88212 4643
644.12306 4705
644.36401 4645
644.60495 4774
644.84590 4851
645.08684 4732
645.32779 4957
645.56873 4879
645.80968 5012
646.05062 5111
646.29157 5071
646.53251 5036
646.77345 5099
647.01440 5178
647.25534 5273
647.49629 5300
647.73723 5416
647.97818 5405
648.21912 5419
648.46007 5603
648.70101 5707
648.94196 5703
649.18290 5816
649.42385 5812
649.66479 5791
649.90573 5921
650.14668 5955
650.38762 6032
650.62857 6203
650.86951 6164
651.11046 6177
651.35140 6134
651.59235 6230
651.83329 6225
652.07424 6482
652.31518 6215
652.55613 6229
652.79707 6318
653.03801 6437
653.27896 6654
653.51990 6515
653.76085 6482
654.00179 6638
654.24274 6634
654.48368 6677
654.72463 6673
654.96557 6825
655.20652 6732
655.44746 6688
655.68841 6653
655.92935 7021
656.17029 6996
656.41124 7026
656.65218 7053
656.89313 6914
657.13407 6955
657.37502 7126
657.61596 7138
657.85691 7149
658.09785 7374
658.33880 7197
658.57974 7217
658.82069 7186
659.06163 7194
659.30257 7165
659.54352 7283
659.78446 7324
660.02541 7249
660.26635 7285
660.50730 7320
660.74824 7320
660.98919 7485
661.23013 7376
661.47108 7330
661.71202 7355
661.95297 7501
662.19391 7352
662.43485 7333
662.67580 7436
662.91674 7383
663.15769 7457
663.39863 7389
663.63958 7397
663.88052 7436
664.12147 7457
664.36241 7497
664.60336 7425
664.84430 7458
665.08525 7260
665.32619 7427
665.56713 7335
665.80808 7246
666.04902 7409
666.28997 7310
666.53091 7331
666.77186 7335
667.01280 7251
667.25375 7249
667.49469 7254
667.73564 7339
667.97658 7296
668.21753 7095
668.45847 7114
668.69941 7194
668.94036 7068
669.18130 7096
669.42225 7016
669.66319 6912
669.90414 6954
670.14508 7028
670.38603 6919
670.62697 6954
670.86792 6940
671.10886 6928
671.34981 6736
671.59075 6827
671.83169 6712
672.07264 6802
672.31358 6610
672.55453 6610
672.79547 6470
673.03642 6451
673.27736 6419
673.51831 6293
673.75925 6305
674.00020 6428
674.24114 6190
674.48209 6393
674.72303 6151
674.96397 6122
675.20492 6215
675.44586 6083
675.68681 6001
675.92775 5953
676.16870 5979
676.40964 5666
676.65059 5778
676.89153 5839
677.13248 5804
677.37342 5649
677.61436 5588
677.85531 5567
678.09625 5545
678.33720 5373
678.57814 5260
678.81909 5431
679.06003 5243
679.30098 5189
679.54192 5112
679.78287 4977
680.02381 5084
680.26476 4972
680.50570 4882
680.74664 4926
680.98759 4866
681.22853 4709
681.46948 4632
681.71042 4621
681.95137 4479
682.19231 4460
682.43326 4426
682.67420 4332
682.91515 4292
683.15609 4295
683.39704 4329
683.63798 4201
683.87892 4045
684.11987 4038
684.36081 3968
684.60176 3852
684.84270 3854
685.08365 3816
685.32459 3816
685.56554 3743
685.80648 3608
686.04743 3640
686.28837 3527
686.52932 3524
686.77026 3436
687.01120 3364
687.25215 3246
687.49309 3108
687.73404 3208
687.97498 3133
688.21593 3076
688.45687 3060
688.69782 3115
688.93876 3004
689.17971 2939
689.42065 2965
689.66160 2860
689.90254 2740
690.14348 2777
690.38443 2620
690.62537 2599
690.86632 2629
691.10726 2494
691.34821 2420
691.58915 2405
691.83010 2344
692.07104 2286
692.31199 2276
692.55293 2323
692.79388 2279
693.03482 2090
693.27576 2148
693.51671 2123
693.75765 2010
693.99860 1956
694.23954 1964
694.48049 1987
694.72143 1891
694.96238 1763
695.20332 1786
695.44427 1724
695.68521 1670
695.92616 1613
696.16710 1610
696.40804 1696
696.64899 1571
696.88993 1569
697.13088 1553
697.37182 1470
697.61277 1400
697.85371 1383
698.09466 1428
698.33560 1356
698.57655 1393
698.81749 1318
699.05844 1291
699.29938 1249
699.54032 1260
699.78127 1214
700.02221 1173
700.26316 1147
700.50410 1083
700.74505 1087
700.98599 1042
701.22694 993
701.46788 984
701.70883 921
701.94977 933
702.19072 984
702.43166 873
702.67260 868
702.91355 901
703.15449 822
703.39544 894
703.63638 792
703.87733 758
704.11827 757
704.35922 790
704.60016 759
704.84111 728
705.08205 709
705.32300 688
705.56394 624
705.80488 639
706.04583 683
706.28677 581
706.52772 637
706.76866 605
707.00961 551
707.25055 501
707.49150 561
707.73244 530
707.97339 527
708.21433 452
708.45528 483
708.69622 470
708.93716 470
709.17811 431
709.41905 451
709.66000 435
709.90094 429
710.14189 431
710.38283 381
710.62378 387
710.86472 392
711.10567 376
711.34661 352
711.58756 353
711.82850 364
712.06944 309
712.31039 322
712.55133 341
712.79228 338
713.03322 302
713.27417 305
713.51511 302
713.75606 260
713.99700 221
714.23795 268
714.47889 255
714.71984 279
714.96078 244
715.20172 248
715.44267 249
715.68361 213
715.92456 252
716.16550 221
716.40645 179
716.64739 212
716.88834 238
717.12928 197
717.37023 201
717.61117 202
717.85212 194
718.09306 189
718.33400 192
718.57495 159
718.81589 153
719.05684 159
719.29778 175
719.53873 178
719.77967 165
720.02062 152
720.26156 148
720.50251 161
720.74345 165
720.98439 121
721.22534 140
721.46628 148
721.70723 130
721.94817 131
722.18912 142
722.43006 132
722.67101 141
722.91195 153
723.15290 108
723.39384 121
723.63479 118
723.87573 138
724.11667 137
724.35762 110
724.59856 114
724.83951 116
725.08045 94
725.32140 96
725.56234 129
725.80329 116
726.04423 125
726.28518 122
726.52612 129
726.76707 100
727.00801 93
727.24895 101
727.48990 117
727.73084 109
727.97179 105
728.21273 97
728.45368 95
728.69462 88
728.93557 107
729.17651 106
729.41746 88
729.65840 86
729.89935 75
730.14029 86
730.38123 85
730.62218 96
730.86312 97
731.10407 78
731.34501 75
731.58596 79
731.82690 86
732.06785 72
732.30879 97
732.54974 96
732.79068 82
733.03163 84
733.27257 69
733.51351 58
733.75446 85
733.99540 72
734.23635 82
734.47729 97
734.71824 76
734.95918 80
735.20013 72
735.44107 67
735.68202 75
735.92296 73
736.16391 77
736.40485 67
736.64579 68
736.88674 75
737.12768 69
737.36863 78
737.60957 75
737.85052 68
738.09146 80
738.33241 79
738.57335 62
738.81430 74
739.05524 66
739.29619 80
739.53713 79
739.77807 68
740.01902 58
740.25996 69
740.50091 71
740.74185 71
740.98280 68
741.22374 81
741.46469 76
741.70563 79
741.94658 66
742.18752 50
742.42847 80
742.66941 73
742.91035 73
743.15130 64
743.39224 67
743.63319 68
743.87413 66
744.11508 80
744.35602 64
744.59697 70
744.83791 52
745.07886 77
745.31980 69
745.56075 65
745.80169 68
746.04263 65
746.28358 66
746.52452 74
746.76547 57
747.00641 63
747.24736 64
747.48830 52
747.72925 59
747.97019 66
748.21114 67
748.45208 63
748.69303 50
748.93397 61
749.17491 60
749.41586 56
749.65680 73
749.89775 68
750.13869 65
750.37964 57
750.62058 47
750.86153 59
751.10247 66
751.34342 52
751.58436 51
751.82531 60
752.06625 57
752.30719 74
752.54814 73
752.78908 64
753.03003 57
753.27097 60
753.51192 58
753.75286 50
753.99381 69
754.23475 61
754.47570 48
754.71664 61
754.95759 66
755.19853 52
755.43947 65
755.68042 62
755.92136 52
756.16231 59
756.40325 56
756.64420 58
756.88514 64
757.12609 62
757.36703 53
757.60798 56
757.84892 51
758.08987 57
758.33081 62
758.57175 63
758.81270 54
759.05364 56
759.29459 66
759.53553 60
759.77648 53
760.01742 56
760.25837 71
760.49931 50
760.74026 49
760.98120 73
761.22215 50
761.46309 59
761.70403 62
761.94498 61
762.18592 65
762.42687 54
762.66781 54
762.90876 68
763.14970 58
763.39065 66
763.63159 65
763.87254 65
764.11348 58
764.35442 59
764.59537 59
764.83631 57
765.07726 50
765.31820 59
765.55915 44
765.80009 59
766.04104 71
766.28198 57
766.52293 50
766.76387 66
767.00482 62
767.24576 58
767.48670 60
767.72765 70
767.96859 60
768.20954 61
768.45048 57
768.69143 59
768.93237 63
769.17332 62
769.41426 78
769.65521 60
769.89615 51
770.13710 66
770.37804 52
770.61898 59
770.85993 71
771.10087 56
771.34182 52
771.58276 50
771.82371 57
772.06465 56
772.30560 68
772.54654 46
772.78749 46
773.02843 43
773.26938 49
773.51032 57
773.75126 50
773.99221 47
774.23315 62
774.47410 53
774.71504 61
774.95599 41
775.19693 55
775.43788 58
775.67882 56
775.91977 53
776.16071 46
776.40166 54
776.64260 61
776.88354 47
777.12449 52
777.36543 52
777.60638 58
777.84732 60
778.08827 54
778.32921 56
778.57016 59
778.81110 56
779.05205 54
779.29299 47
779.53394 46
779.77488 56
780.01582 60
780.25677 58
780.49771 50
780.73866 48
780.97960 49
781.22055 63
781.46149 58
781.70244 67
781.94338 41
782.18433 60
782.42527 54
782.66622 50
782.90716 58
783.14810 59
783.38905 48
783.62999 50
783.87094 51
784.11188 40
784.35283 50
784.59377 43
784.83472 48
785.07566 47
785.31661 55
785.55755 40
785.79850 44
786.03944 55
786.28038 55
786.52133 35
786.76227 38
787.00322 61
787.24416 51
787.48511 53
787.72605 44
787.96700 46
788.20794 43
788.44889 66
788.68983 36
788.93078 46
789.17172 51
789.41266 42
789.65361 69
789.89455 51
790.13550 58
790.37644 58
790.61739 42
790.85833 58
791.09928 39
791.34022 42
791.58117 36
791.82211 49
792.06306 39
792.30400 52
792.54494 49
792.78589 50
793.02683 54
793.26778 64
793.50872 50
793.74967 69
793.99061 51
794.23156 56
794.47250 58
794.71345 46
794.95439 55
795.19534 65
795.43628 44
795.67722 63
795.91817 51
796.15911 48
796.40006 57
796.64100 40
796.88195 40
797.12289 49
797.36384 46
797.60478 47
797.84573 55
798.08667 46
798.32762 49
798.56856 52
798.80950 49
799.05045 48
799.29139 44
799.53234 47
799.77328 49
800.01423 47
800.25517 62
800.49612 45
800.73706 66
800.97801 46
801.21895 45
801.45990 42
801.70084 44
801.94178 46
802.18273 52
802.42367 32
802.66462 43
802.90556 62
803.14651 48
803.38745 67
803.62840 46
803.86934 48
804.11029 36
804.35123 53
804.59217 44
804.83312 50
805.07406 41
805.31501 50
805.55595 44
805.79690 54
806.03784 36
806.27879 44
806.51973 38
806.76068 46
807.00162 52
807.24257 42
807.48351 46
807.72445 52
807.96540 62
808.20634 58
808.44729 39
808.68823 43
808.92918 45
809.17012 46
809.41107 43
809.65201 45
809.89296 40
810.13390 41
810.37485 42
810.61579 52
810.85673 42
811.09768 49
811.33862 33
811.57957 48
811.82051 39
812.06146 49
812.30240 51
812.54335 55
812.78429 48
813.02524 39
813.26618 49
813.50713 44
813.74807 50
813.98901 63
814.22996 36
814.47090 51
814.71185 40
814.95279 52
815.19374 44
815.43468 50
815.67563 51
815.91657 42
816.15752 48
816.39846 41
816.63941 46
816.88035 50
817.12129 47
817.36224 42
817.60318 51
817.84413 45
818.08507 39
818.32602 44
818.56696 47
818.80791 49
819.04885 45
819.28980 54
819.53074 45
819.77169 57
820.01263 45
820.25357 49
820.49452 55
820.73546 38
820.97641 56
821.21735 38
821.45830 33
821.69924 53
821.94019 36
822.18113 46
822.42208 38
822.66302 49
822.90397 57
823.14491 50
823.38585 39
823.62680 60
823.86774 48
824.10869 44
824.34963 50
824.59058 41
824.83152 44
825.07247 40
825.31341 52
825.55436 53
825.79530 32
826.03625 42
826.27719 42
826.51813 38
826.75908 47
827.00002 43
827.24097 41
827.48191 45
827.72286 45
827.96380 36
828.20475 50
828.44569 49
828.68664 46
828.92758 44
829.16853 50
829.40947 40
829.65041 53
829.89136 50
830.13230 42
830.37325 45
830.61419 50
830.85514 53
831.09608 39
831.33703 38
831.57797 44
831.81892 49
832.05986 48
832.30081 43
832.54175 39
832.78269 49
833.02364 43
833.26458 47
833.50553 42
833.74647 48
833.98742 49
834.22836 51
834.46931 40
834.71025 47
834.95120 47
835.19214 47
835.43309 45
835.67403 49
835.91497 48
836.15592 42
836.39686 57
836.63781 39
836.87875 38
837.11970 45
837.36064 26
837.60159 37
837.84253 37
838.08348 45
838.32442 42
838.56537 43
838.80631 36
839.04725 52
839.28820 47
839.52914 54
839.77009 36
840.01103 34
840.25198 34
840.49292 43
840.73387 52
840.97481 30
841.21576 57
841.45670 34
841.69765 47
841.93859 45
842.17953 45
842.42048 39
842.66142 34
842.90237 39
843.14331 44
843.38426 42
843.62520 43
843.86615 52
844.10709 36
844.34804 49
844.58898 39
844.82993 30
845.07087 48
845.31181 31
845.55276 40
845.79370 36
846.03465 43
846.27559 44
846.51654 38
846.75748 47
846.99843 45
847.23937 37
847.48032 41
847.72126 44
847.96220 35
848.20315 43
848.44409 53
848.68504 36
848.92598 37
849.16693 42
849.40787 43
849.64882 26
849.88976 43
850.13071 44
850.37165 52
850.61260 37
850.85354 44
851.09448 50
851.33543 39
851.57637 41
851.81732 35
852.05826 37
852.29921 36
852.54015 38
852.78110 32
853.02204 27
853.26299 41
853.50393 24
853.74488 46
853.98582 31
854.22676 40
854.46771 37
854.70865 32
854.94960 37
855.19054 45
855.43149 39
855.67243 38
855.91338 48
856.15432 31
856.39527 42
856.63621 43
856.87716 44
857.11810 38
857.35904 50
857.59999 50
857.84093 30
858.08188 34
858.32282 46
858.56377 38
858.80471 31
859.04566 54
859.28660 42
859.52755 50
859.76849 35
860.00944 51
860.25038 31
860.49132 44
860.73227 41
860.97321 35
861.21416 31
861.45510 35
861.69605 37
861.93699 38
862.17794 31
862.41888 50
862.65983 30
862.90077 30
863.14172 47
863.38266 36
863.62360 30
863.86455 29
864.10549 31
864.34644 26
864.58738 29
864.82833 33
865.06927 37
865.31022 51
865.55116 28
865.79211 38
866.03305 37
866.27400 43
866.51494 43
866.75588 46
866.99683 26
867.23777 25
867.47872 43
867.71966 45
867.96061 35
868.20155 38
868.44250 36
868.68344 36
868.92439 46
869.16533 36
869.40628 40
869.64722 44
869.88816 36
870.12911 36
870.37005 35
870.61100 43
870.85194 46
871.09289 44
871.33383 37
871.57478 35
871.81572 34
872.05667 33
872.29761 26
872.53856 47
872.77950 44
873.02044 33
873.26139 50
873.50233 38
873.74328 45
873.98422 31
874.22517 42
874.46611 42
874.70706 38
874.94800 44
875.18895 39
875.42989 37
875.67084 44
875.91178 34
876.15272 46
876.39367 38
876.63461 41
876.87556 30
877.11650 48
877.35745 42
877.59839 43
877.83934 48
878.08028 49
878.32123 44
878.56217 40
878.80312 33
879.04406 33
879.28500 31
879.52595 38
879.76689 30
880.00784 42
880.24878 36
880.48973 29
880.73067 42
880.97162 34
881.21256 39
881.45351 29
881.69445 34
881.93540 31
882.17634 37
882.41728 35
882.65823 40
882.89917 35
883.14012 30
883.38106 31
883.62201 31
883.86295 30
884.10390 37
884.34484 41
884.58579 38
884.82673 29
885.06768 28
885.30862 47
885.54956 25
885.79051 34
886.03145 29
886.27240 43
886.51334 27
886.75429 35
886.99523 36
887.23618 31
887.47712 36
887.71807 29
887.95901 37
888.19996 31
888.44090 41
888.68184 37
888.92279 37
889.16373 31
889.40468 37
889.64562 31
889.88657 28
890.12751 36
890.36846 38
890.60940 38
890.85035 45
891.09129 32
891.33223 26
891.57318 30
891.81412 32
892.05507 43
892.29601 36
892.53696 30
892.77790 38
893.01885 35
893.25979 31
893.50074 30
893.74168 48
893.98263 29
894.22357 30
894.46451 37
894.70546 35
894.94640 34
895.18735 29
895.42829 35
895.66924 36
895.91018 35
896.15113 39
896.39207 41
896.63302 40
896.87396 28
897.11491 37
897.35585 20
897.59679 31
897.83774 25
898.07868 32
898.31963 41
898.56057 32
898.80152 36
899.04246 32
899.28341 38
899.52435 36
899.76530 27
900.00624 51
900.24719 30
900.48813 31
900.72907 42
900.97002 36
901.21096 33
901.45191 30
901.69285 36
901.93380 25
902.17474 33
902.41569 23
902.65663 33
902.89758 34
903.13852 25
903.37947 36
903.62041 33
903.86135 20
904.10230 24
904.34324 36
904.58419 36
904.82513 28
905.06608 34
905.30702 36
905.54797 29
905.78891 33
906.02986 40
906.27080 33
906.51175 36
906.75269 36
906.99363 34
907.23458 31
907.47552 33
907.71647 32
907.95741 26
908.19836 36
908.43930 36
908.68025 34
908.92119 37
909.16214 35
909.40308 22
909.64403 38
909.88497 26
910.12591 41
910.36686 33
910.60780 34
910.84875 33
911.08969 35
911.33064 45
911.57158 33
911.81253 35
912.05347 34
912.29442 30
912.53536 25
912.77631 42
913.01725 48
913.25819 37
913.49914 46
913.74008 39
913.98103 36
914.22197 36
914.46292 30
914.70386 25
914.94481 34
915.18575 23
915.42670 39
915.66764 35
915.90859 31
916.14953 19
916.39047 36
916.63142 40
916.87236 36
917.11331 23
917.35425 31
917.59520 33
917.83614 40
918.07709 33
918.31803 27
918.55898 27
918.79992 37
919.04087 39
919.28181 33
919.52275 33
919.76370 30
920.00464 31
920.24559 24
920.48653 36
920.72748 33
920.96842 30
921.20937 31
921.45031 30
921.69126 27
921.93220 34
922.17315 21
922.41409 30
922.65503 35
922.89598 32
923.13692 36
923.37787 31
923.61881 35
923.85976 36
924.10070 32
924.34165 32
924.58259 26
924.82354 33
925.06448 33
925.30543 32
925.54637 40
925.78731 29
926.02826 26
926.26920 25
926.51015 23
926.75109 33
926.99204 29
927.23298 26
927.47393 27
927.71487 28
927.95582 22
928.19676 37
928.43771 27
928.67865 30
928.91959 20
929.16054 35
929.40148 36
929.64243 21
929.88337 32
930.12432 41
930.36526 29
930.60621 27
930.84715 37
931.08810 41
931.32904 29
931.56999 28
931.81093 27
932.05187 44
932.29282 23
932.53376 28
932.77471 30
933.01565 30
933.25660 30
933.49754 28
933.73849 22
933.97943 31
934.22038 28
934.46132 31
934.70226 23
934.94321 35
935.18415 22
935.42510 25
935.66604 33
935.90699 22
936.14793 32
936.38888 25
936.62982 27
936.87077 30
937.11171 32
937.35266 25
937.59360 27
937.83454 36
938.07549 28
938.31643 14
938.55738 33
938.79832 35
939.03927 26
939.28021 24
939.52116 41
939.76210 27
940.00305 39
940.24399 27
940.48494 22
940.72588 27
940.96682 42
941.20777 34
941.44871 28
941.68966 27
941.93060 26
942.17155 24
942.41249 33
942.65344 30
942.89438 33
943.13533 27
943.37627 27
943.61722 30
943.85816 30
944.09910 37
944.34005 27
944.58099 32
944.82194 26
945.06288 36
945.30383 26
945.54477 23
945.78572 37
946.02666 31
946.26761 39
946.50855 26
946.74950 19
946.99044 32
947.23138 25
947.47233 23
947.71327 32
947.95422 31
948.19516 24
948.43611 18
948.67705 34
948.91800 25
949.15894 31
949.39989 30
949.64083 31
949.88178 35
950.12272 29
950.36366 24
950.60461 21
950.84555 26
951.08650 29
951.32744 36
951.56839 21
951.80933 31
952.05028 29
952.29122 28
952.53217 33
952.77311 26
953.01406 31
953.25500 33
953.49594 24
953.73689 24
953.97783 28
954.21878 32
954.45972 31
954.70067 20
954.94161 26
955.18256 24
955.42350 30
955.66445 19
955.90539 34
956.14634 32
956.38728 35
956.62822 33
956.86917 28
957.11011 33
957.35106 24
957.59200 25
957.83295 20
958.07389 31
958.31484 28
958.55578 44
958.79673 31
959.03767 27
959.27862 22
959.51956 23
959.76050 22
960.00145 19
960.24239 22
960.48334 34
960.72428 27
960.96523 30
961.20617 36
961.44712 23
961.68806 29
961.92901 29
962.16995 31
962.41090 25
962.65184 34
962.89278 23
963.13373 32
963.37467 31
963.61562 25
963.85656 28
964.09751 27
964.33845 33
964.57940 30
964.82034 31
965.06129 35
965.30223 26
965.54318 22
965.78412 22
966.02506 21
966.26601 26
966.50695 24
966.74790 14
966.98884 33
967.22979 34
967.47073 35
967.71168 28
967.95262 26
968.19357 28
968.43451 33
968.67546 23
968.91640 21
969.15734 25
969.39829 21
969.63923 28
969.88018 21
970.12112 37
970.36207 25
970.60301 22
970.84396 20
971.08490 29
971.32585 20
971.56679 17
971.80774 35
972.04868 26
972.28962 24
972.53057 31
972.77151 21
973.01246 22
973.25340 25
973.49435 23
973.73529 36
973.97624 29
974.21718 32
974.45813 23
974.69907 30
974.94002 25
975.18096 28
975.42190 35
975.66285 27
975.90379 19
976.14474 22
976.38568 26
976.62663 21
976.86757 18
977.10852 24
977.34946 31
977.59041 15
977.83135 21
978.07229 22
978.31324 27
978.55418 24
978.79513 17
979.03607 20
979.27702 25
979.51796 24
979.75891 25
979.99985 19
980.24080 34
980.48174 38
980.72269 32
980.96363 31
981.20457 19
981.44552 22
981.68646 22
981.92741 28
