# energy_keV counts
-4.74077 0
-4.49983 0
-4.25888 0
-4.01794 0
-3.77700 0
-3.53605 0
-3.29511 0
-3.05416 0
-2.81322 0
-2.57227 0
-2.33133 0
-2.09038 0
-1.84944 0
-1.60849 0
-1.36755 0
-1.12660 0
-0.88566 0
-0.64472 0
-0.40377 0
-0.16283 0
0.07812 0
0.31906 0
0.56001 0
0.80095 0
1.04190 0
1.28284 0
1.52379 0
1.76473 0
2.00568 0
2.24662 0
2.48756 0
2.72851 0
2.96945 0
3.21040 0
3.45134 0
3.69229 0
3.93323 0
4.17418 0
4.41512 0
4.65607 0
4.89701 0
5.13796 16
5.37890 44
5.61984 28
5.86079 31
6.10173 36
6.34268 42
6.58362 37
6.82457 48
7.06551 28
7.30646 22
7.54740 28
7.78835 34
8.02929 28
8.27024 42
8.51118 32
8.75212 34
8.99307 34
9.23401 36
9.47496 28
9.71590 30
9.95685 31
10.19779 21
10.43874 39
10.67968 37
10.92063 40
11.16157 33
11.40252 26
11.64346 36
11.88440 34
12.12535 40
12.36629 35
12.60724 35
12.84818 31
13.08913 42
13.33007 39
13.57102 20
13.81196 43
14.05291 35
14.29385 29
14.53480 36
14.77574 26
15.01668 48
15.25763 31
15.49857 35
15.73952 41
15.98046 31
16.22141 31
16.46235 27
16.70330 34
16.94424 29
17.18519 30
17.42613 35
17.66708 34
17.90802 22
18.14896 25
18.38991 22
18.63085 31
18.87180 31
19.11274 27
19.35369 39
19.59463 28
19.83558 35
20.07652 37
20.31747 34
20.55841 39
20.79936 48
21.04030 32
21.28124 27
21.52219 35
21.76313 42
22.00408 19
22.24502 37
22.48597 35
22.72691 32
22.96786 31
23.20880 40
23.44975 15
23.69069 48
23.93164 42
24.17258 39
24.41352 33
24.65447 32
24.89541 31
25.13636 30
25.37730 26
25.61825 20
25.85919 32
26.10014 23
26.34108 25
26.58203 17
26.82297 24
27.06392 24
27.30486 29
27.54580 40
27.78675 25
28.02769 37
28.26864 30
28.50958 26
28.75053 27
28.99147 24
29.23242 33
29.47336 24
29.71431 17
29.95525 19
30.19620 18
30.43714 28
30.67808 19
30.91903 15
31.15997 24
31.40092 19
31.64186 14
31.88281 26
32.12375 10
32.36470 32
32.60564 19
32.84659 16
33.08753 0
33.32847 18
33.56942 5
33.81036 20
34.05131 11
34.29225 14
34.53320 9
34.77414 9
35.01509 20
35.25603 17
35.49698 14
35.73792 15
35.97887 3
36.21981 6
36.46075 0
36.70170 5
36.94264 3
37.18359 2
37.42453 24
37.66548 0
37.90642 0
38.14737 4
38.38831 0
38.62926 2
38.87020 0
39.11115 0
39.35209 0
39.59303 0
39.83398 0
40.07492 0
40.31587 0
40.55681 0
40.79776 0
41.03870 0
41.27965 0
41.52059 0
41.76154 7
42.00248 0
42.24343 0
42.48437 0
42.72531 0
42.96626 0
43.20720 0
43.44815 0
43.68909 0
43.93004 0
44.17098 0
44.41193 0
44.65287 0
44.89382 0
45.13476 0
45.37571 0
45.61665 0
45.85759 0
46.09854 0
46.33948 0
46.58043 0
46.82137 0
47.06232 0
47.30326 0
47.54421 0
47.78515 0
48.02610 0
48.26704 0
48.50799 0
48.74893 0
48.98987 0
49.23082 0
49.47176 0
49.71271 0
49.95365 0
50.19460 0
50.43554 0
50.67649 0
50.91743 0
51.15838 0
51.39932 0
51.64027 0
51.88121 0
52.12215 0
52.36310 0
52.60404 0
52.84499 0
53.08593 0
53.32688 0
53.56782 0
53.80877 0
54.04971 0
54.29066 0
54.53160 0
54.77255 0
55.01349 0
55.25443 0
55.49538 0
55.73632 0
55.97727 0
56.21821 0
56.45916 0
56.70010 0
56.94105 0
57.18199 0
57.42294 0
57.66388 0
57.90483 0
58.14577 0
58.38671 0
58.62766 0
58.86860 0
59.10955 0
59.35049 0
59.59144 0
59.83238 0
60.07333 0
60.31427 0
60.55522 0
60.79616 0
61.03711 0
61.27805 0
61.51899 0
61.75994 0
62.00088 0
62.24183 0
62.48277 0
62.72372 0
62.96466 0
63.20561 0
63.44655 0
63.68750 0
63.92844 0
64.16939 0
64.41033 14
64.65127 0
64.89222 0
65.13316 0
65.37411 0
65.61505 16
65.85600 0
66.09694 0
66.33789 0
66.57883 0
66.81978 0
67.06072 0
67.30167 6
67.54261 2
67.78355 13
68.02450 0
68.26544 0
68.50639 12
68.74733 6
68.98828 0
69.22922 0
69.47017 6
69.71111 1
69.95206 0
70.19300 2
70.43395 18
70.67489 14
70.91583 26
71.15678 3
71.39772 0
71.63867 10
71.87961 24
72.12056 12
72.36150 0
72.60245 4
72.84339 8
73.08434 7
73.32528 0
73.56622 0
73.80717 18
74.04811 10
74.28906 12
74.53000 21
74.77095 22
75.01189 9
75.25284 29
75.49378 5
75.73473 9
75.97567 29
76.21662 13
76.45756 35
76.69850 47
76.93945 33
77.18039 19
77.42134 27
77.66228 30
77.90323 27
78.14417 31
78.38512 39
78.62606 43
78.86701 19
79.10795 29
79.34890 29
79.58984 11
79.83078 30
80.07173 18
80.31267 26
80.55362 52
80.79456 38
81.03551 55
81.27645 25
81.51740 21
81.75834 25
81.99929 33
82.24023 51
82.48118 31
82.72212 12
82.96306 30
83.20401 32
83.44495 51
83.68590 18
83.92684 47
84.16779 20
84.40873 17
84.64968 20
84.89062 25
85.13157 11
85.37251 30
85.61346 16
85.85440 24
86.09534 8
86.33629 31
86.57723 26
86.81818 26
87.05912 45
87.30007 33
87.54101 25
87.78196 47
88.02290 33
88.26385 37
88.50479 31
88.74574 49
88.98668 43
89.22762 30
89.46857 42
89.70951 42
89.95046 17
90.19140 26
90.43235 35
90.67329 43
90.91424 42
91.15518 38
91.39613 43
91.63707 19
91.87802 30
92.11896 29
92.35990 20
92.60085 52
92.84179 28
93.08274 26
93.32368 44
93.56463 44
93.80557 35
94.04652 18
94.28746 27
94.52841 32
94.76935 51
95.01030 37
95.25124 23
95.49218 61
95.73313 33
95.97407 29
96.21502 37
96.45596 36
96.69691 37
96.93785 30
97.17880 44
97.41974 42
97.66069 41
97.90163 35
98.14258 27
98.38352 43
98.62446 36
98.86541 27
99.10635 56
99.34730 29
99.58824 40
99.82919 30
100.07013 23
100.31108 33
100.55202 27
100.79297 20
101.03391 32
101.27486 46
101.51580 33
101.75674 31
101.99769 45
102.23863 45
102.47958 46
102.72052 31
102.96147 48
103.20241 36
103.44336 38
103.68430 53
103.92525 23
104.16619 32
104.40714 35
104.64808 54
104.88902 46
105.12997 29
105.37091 40
105.61186 38
105.85280 26
106.09375 43
106.33469 38
106.57564 37
106.81658 47
107.05753 51
107.29847 47
107.53942 34
107.78036 40
108.02130 43
108.26225 41
108.50319 55
108.74414 43
108.98508 69
109.22603 44
109.46697 33
109.70792 30
109.94886 66
110.18981 31
110.43075 38
110.67170 36
110.91264 49
111.15358 19
111.39453 51
111.63547 51
111.87642 30
112.11736 53
112.35831 36
112.59925 45
112.84020 45
113.08114 43
113.32209 42
113.56303 55
113.80398 65
114.04492 41
114.28586 49
114.52681 52
114.76775 49
115.00870 55
115.24964 51
115.49059 63
115.73153 32
115.97248 42
116.21342 54
116.45437 42
116.69531 66
116.93625 67
117.17720 41
117.41814 43
117.65909 39
117.90003 61
118.14098 50
118.38192 49
118.62287 55
118.86381 49
119.10476 66
119.34570 39
119.58665 56
119.82759 47
120.06853 32
120.30948 40
120.55042 35
120.79137 39
121.03231 65
121.27326 67
121.51420 60
121.75515 48
121.99609 53
122.23704 47
122.47798 39
122.71893 38
122.95987 49
123.20081 73
123.44176 46
123.68270 56
123.92365 37
124.16459 55
124.40554 59
124.64648 40
124.88743 51
125.12837 51
125.36932 25
125.61026 54
125.85121 45
126.09215 66
126.33309 44
126.57404 47
126.81498 53
127.05593 57
127.29687 54
127.53782 50
127.77876 46
128.01971 41
128.26065 46
128.50160 39
128.74254 40
128.98349 43
129.22443 54
129.46537 42
129.70632 33
129.94726 69
130.18821 42
130.42915 60
130.67010 53
130.91104 39
131.15199 46
131.39293 47
131.63388 65
131.87482 62
132.11577 53
132.35671 49
132.59765 55
132.83860 31
133.07954 56
133.32049 46
133.56143 60
133.80238 60
134.04332 62
134.28427 43
134.52521 58
134.76616 61
135.00710 42
135.24805 50
135.48899 62
135.72993 51
135.97088 48
136.21182 34
136.45277 52
136.69371 42
136.93466 52
137.17560 63
137.41655 47
137.65749 44
137.89844 73
138.13938 44
138.38033 61
138.62127 46
138.86221 51
139.10316 53
139.34410 44
139.58505 46
139.82599 66
140.06694 48
140.30788 33
140.54883 72
140.78977 46
141.03072 69
141.27166 41
141.51261 57
141.75355 51
141.99449 44
142.23544 56
142.47638 62
142.71733 63
142.95827 61
143.19922 58
143.44016 49
143.68111 46
143.92205 25
144.16300 53
144.40394 43
144.64489 34
144.88583 32
145.12677 39
145.36772 53
145.60866 42
145.84961 31
146.09055 65
146.33150 49
146.57244 45
146.81339 49
147.05433 39
147.29528 48
147.53622 77
147.77717 51
148.01811 47
148.25905 59
148.50000 69
148.74094 53
148.98189 48
149.22283 42
149.46378 51
149.70472 59
149.94567 54
150.18661 53
150.42756 69
150.66850 62
150.90945 37
151.15039 61
151.39133 61
151.63228 54
151.87322 51
152.11417 47
152.35511 48
152.59606 51
152.83700 45
153.07795 59
153.31889 57
153.55984 40
153.80078 46
154.04173 39
154.28267 67
154.52361 47
154.76456 52
155.00550 50
155.24645 69
155.48739 81
155.72834 64
155.96928 63
156.21023 67
156.45117 56
156.69212 80
156.93306 59
157.17401 62
157.41495 66
157.65589 62
157.89684 41
158.13778 52
158.37873 69
158.61967 70
158.86062 44
159.10156 49
159.34251 55
159.58345 62
159.82440 63
160.06534 46
160.30628 69
160.54723 60
160.78817 61
161.02912 60
161.27006 59
161.51101 61
161.75195 66
161.99290 58
162.23384 51
162.47479 63
162.71573 53
162.95668 61
163.19762 82
163.43856 50
163.67951 59
163.92045 73
164.16140 55
164.40234 52
164.64329 64
164.88423 65
165.12518 68
165.36612 67
165.60707 67
165.84801 72
166.08896 61
166.32990 75
166.57084 58
166.81179 74
167.05273 67
167.29368 49
167.53462 68
167.77557 64
168.01651 62
168.25746 73
168.49840 70
168.73935 73
168.98029 66
169.22124 90
169.46218 66
169.70312 66
169.94407 62
170.18501 65
170.42596 72
170.66690 63
170.90785 63
171.14879 74
171.38974 67
171.63068 64
171.87163 71
172.11257 67
172.35352 80
172.59446 72
172.83540 62
173.07635 77
173.31729 90
173.55824 77
173.79918 68
174.04013 47
174.28107 68
174.52202 56
174.76296 87
175.00391 71
175.24485 86
175.48580 68
175.72674 91
175.96768 69
176.20863 68
176.44957 75
176.69052 77
176.93146 68
177.17241 88
177.41335 68
177.65430 80
177.89524 87
178.13619 77
178.37713 77
178.61808 65
178.85902 82
179.09996 82
179.34091 72
179.58185 74
179.82280 73
180.06374 82
180.30469 78
180.54563 97
180.78658 85
181.02752 70
181.26847 91
181.50941 67
181.75036 90
181.99130 84
182.23224 72
182.47319 92
182.71413 73
182.95508 70
183.19602 106
183.43697 103
183.67791 103
183.91886 72
184.15980 76
184.40075 59
184.64169 78
184.88264 80
185.12358 87
185.36452 70
185.60547 77
185.84641 66
186.08736 77
186.32830 81
186.56925 81
186.81019 56
187.05114 89
187.29208 84
187.53303 79
187.77397 82
188.01492 69
188.25586 77
188.49680 76
188.73775 69
188.97869 59
189.21964 82
189.46058 70
189.70153 65
189.94247 75
190.18342 62
190.42436 74
190.66531 69
190.90625 76
191.14720 84
191.38814 83
191.62908 73
191.87003 79
192.11097 83
192.35192 64
192.59286 82
192.83381 76
193.07475 86
193.31570 72
193.55664 79
193.79759 72
194.03853 74
194.27948 69
194.52042 83
194.76136 60
195.00231 67
195.24325 59
195.48420 90
195.72514 80
195.96609 79
196.20703 87
196.44798 90
196.68892 76
196.92987 61
197.17081 84
197.41176 70
197.65270 71
197.89364 77
198.13459 73
198.37553 88
198.61648 68
198.85742 76
199.09837 67
199.33931 71
199.58026 79
199.82120 75
200.06215 80
200.30309 65
200.54404 80
200.78498 65
201.02592 66
201.26687 73
201.50781 84
201.74876 89
201.98970 54
202.23065 84
202.47159 56
202.71254 68
202.95348 67
203.19443 82
203.43537 71
203.67631 52
203.91726 90
204.15820 85
204.39915 77
204.64009 61
204.88104 82
205.12198 87
205.36293 68
205.60387 86
205.84482 65
206.08576 76
206.32671 63
206.56765 69
206.80859 68
207.04954 85
207.29048 84
207.53143 71
207.77237 71
208.01332 70
208.25426 57
208.49521 61
208.73615 79
208.97710 69
209.21804 71
209.45899 59
209.69993 85
209.94087 56
210.18182 70
210.42276 76
210.66371 62
210.90465 75
211.14560 84
211.38654 71
211.62749 81
211.86843 82
212.10938 59
212.35032 65
212.59127 76
212.83221 79
213.07315 72
213.31410 70
213.55504 68
213.79599 85
214.03693 68
214.27788 79
214.51882 74
214.75977 68
215.00071 66
215.24166 54
215.48260 57
215.72355 56
215.96449 84
216.20543 74
216.44638 71
216.68732 71
216.92827 51
217.16921 86
217.41016 61
217.65110 59
217.89205 69
218.13299 60
218.37394 69
218.61488 64
218.85583 71
219.09677 85
219.33771 55
219.57866 60
219.81960 87
220.06055 74
220.30149 69
220.54244 72
220.78338 75
221.02433 90
221.26527 78
221.50622 82
221.74716 66
221.98811 73
222.22905 76
222.46999 67
222.71094 75
222.95188 57
223.19283 78
223.43377 83
223.67472 73
223.91566 74
224.15661 66
224.39755 72
224.63850 62
224.87944 58
225.12039 64
225.36133 67
225.60227 68
225.84322 80
226.08416 85
226.32511 71
226.56605 61
226.80700 65
227.04794 78
227.28889 63
227.52983 64
227.77078 75
228.01172 86
228.25267 48
228.49361 65
228.73455 82
228.97550 88
229.21644 82
229.45739 96
229.69833 73
229.93928 75
230.18022 58
230.42117 62
230.66211 59
230.90306 64
231.14400 71
231.38495 74
231.62589 77
231.86683 69
232.10778 53
232.34872 66
232.58967 79
232.83061 62
233.07156 68
233.31250 69
233.55345 62
233.79439 72
234.03534 75
234.27628 65
234.51723 71
234.75817 67
234.99911 81
235.24006 77
235.48100 69
235.72195 77
235.96289 74
236.20384 73
236.44478 70
236.68573 76
236.92667 64
237.16762 79
237.40856 59
237.64951 85
237.89045 64
238.13139 69
238.37234 68
238.61328 50
238.85423 59
239.09517 64
239.33612 64
239.57706 69
239.81801 68
240.05895 74
240.29990 63
240.54084 77
240.78179 62
241.02273 59
241.26367 58
241.50462 84
241.74556 81
241.98651 72
242.22745 79
242.46840 68
242.70934 63
242.95029 59
243.19123 74
243.43218 62
243.67312 60
243.91407 54
244.15501 77
244.39595 71
244.63690 58
244.87784 64
245.11879 59
245.35973 77
245.60068 70
245.84162 81
246.08257 67
246.32351 60
246.56446 72
246.80540 54
247.04634 66
247.28729 64
247.52823 67
247.76918 66
248.01012 61
248.25107 62
248.49201 63
248.73296 66
248.97390 71
249.21485 42
249.45579 55
249.69674 63
249.93768 71
250.17862 75
250.41957 57
250.66051 64
250.90146 52
251.14240 57
251.38335 72
251.62429 71
251.86524 58
252.10618 69
252.34713 64
252.58807 62
252.82902 59
253.06996 60
253.31090 55
253.55185 63
253.79279 60
254.03374 56
254.27468 48
254.51563 55
254.75657 51
254.99752 58
255.23846 68
255.47941 65
255.72035 45
255.96130 49
256.20224 54
256.44318 49
256.68413 58
256.92507 54
257.16602 57
257.40696 62
257.64791 67
257.88885 51
258.12980 63
258.37074 65
258.61169 64
258.85263 68
259.09358 68
259.33452 49
259.57546 60
259.81641 61
260.05735 73
260.29830 56
260.53924 73
260.78019 55
261.02113 55
261.26208 60
261.50302 55
261.74397 70
261.98491 60
262.22586 54
262.46680 57
262.70774 56
262.94869 57
263.18963 57
263.43058 54
263.67152 68
263.91247 61
264.15341 59
264.39436 57
264.63530 49
264.87625 51
265.11719 67
265.35814 59
265.59908 72
265.84002 54
266.08097 59
266.32191 62
266.56286 60
266.80380 70
267.04475 51
267.28569 59
267.52664 58
267.76758 61
268.00853 58
268.24947 49
268.49042 42
268.73136 68
268.97230 63
269.21325 51
269.45419 58
269.69514 51
269.93608 73
270.17703 61
270.41797 53
270.65892 82
270.89986 56
271.14081 46
271.38175 52
271.62270 59
271.86364 61
272.10458 56
272.34553 66
272.58647 62
272.82742 59
273.06836 58
273.30931 62
273.55025 57
273.79120 52
274.03214 56
274.27309 53
274.51403 50
274.75498 34
274.99592 59
275.23686 59
275.47781 62
275.71875 59
275.95970 73
276.20064 52
276.44159 52
276.68253 58
276.92348 71
277.16442 58
277.40537 61
277.64631 54
277.88726 60
278.12820 62
278.36914 57
278.61009 64
278.85103 53
279.09198 60
279.33292 53
279.57387 60
279.81481 49
280.05576 69
280.29670 58
280.53765 63
280.77859 60
281.01954 53
281.26048 59
281.50142 65
281.74237 54
281.98331 57
282.22426 62
282.46520 66
282.70615 65
282.94709 53
283.18804 51
283.42898 68
283.66993 60
283.91087 58
284.15182 63
284.39276 54
284.63370 56
284.87465 50
285.11559 71
285.35654 55
285.59748 59
285.83843 56
286.07937 57
286.32032 58
286.56126 48
286.80221 51
287.04315 73
287.28410 74
287.52504 66
287.76598 62
288.00693 58
288.24787 51
288.48882 53
288.72976 67
288.97071 53
289.21165 45
289.45260 68
289.69354 51
289.93449 52
290.17543 53
290.41637 64
290.65732 55
290.89826 36
291.13921 59
291.38015 68
291.62110 49
291.86204 54
292.10299 49
292.34393 51
292.58488 53
292.82582 61
293.06677 68
293.30771 51
293.54865 49
293.78960 49
294.03054 61
294.27149 41
294.51243 61
294.75338 53
294.99432 54
295.23527 49
295.47621 60
295.71716 58
295.95810 52
296.19905 50
296.43999 66
296.68093 42
296.92188 55
297.16282 59
297.40377 57
297.64471 36
297.88566 47
298.12660 46
298.36755 62
298.60849 45
298.84944 66
299.09038 59
299.33133 70
299.57227 51
299.81321 47
300.05416 59
300.29510 51
300.53605 68
300.77699 51
301.01794 74
301.25888 60
301.49983 67
301.74077 61
301.98172 56
302.22266 73
302.46361 52
302.70455 54
302.94549 55
303.18644 58
303.42738 50
303.66833 60
303.90927 54
304.15022 54
304.39116 64
304.63211 63
304.87305 40
305.11400 64
305.35494 48
305.59589 42
305.83683 65
306.07777 43
306.31872 60
306.55966 49
306.80061 70
307.04155 46
307.28250 65
307.52344 68
307.76439 47
308.00533 52
308.24628 55
308.48722 49
308.72817 45
308.96911 46
309.21005 49
309.45100 45
309.69194 48
309.93289 43
310.17383 46
310.41478 44
310.65572 48
310.89667 44
311.13761 61
311.37856 47
311.61950 66
311.86045 51
312.10139 58
312.34233 51
312.58328 56
312.82422 54
313.06517 47
313.30611 47
313.54706 54
313.78800 65
314.02895 63
314.26989 38
314.51084 38
314.75178 47
314.99273 54
315.23367 50
315.47461 44
315.71556 49
315.95650 50
316.19745 53
316.43839 53
316.67934 63
316.92028 55
317.16123 61
317.40217 55
317.64312 57
317.88406 58
318.12501 48
318.36595 51
318.60689 51
318.84784 57
319.08878 48
319.32973 63
319.57067 67
319.81162 54
320.05256 41
320.29351 61
320.53445 64
320.77540 53
321.01634 59
321.25729 53
321.49823 69
321.73917 47
321.98012 44
322.22106 59
322.46201 53
322.70295 50
322.94390 54
323.18484 53
323.42579 55
323.66673 46
323.90768 42
324.14862 45
324.38957 49
324.63051 39
324.87145 44
325.11240 42
325.35334 49
325.59429 48
325.83523 43
326.07618 45
326.31712 46
326.55807 54
326.79901 54
327.03996 38
327.28090 39
327.52185 44
327.76279 41
328.00373 56
328.24468 59
328.48562 40
328.72657 45
328.96751 44
329.20846 31
329.44940 35
329.69035 53
329.93129 59
330.17224 46
330.41318 56
330.65413 44
330.89507 28
331.13601 46
331.37696 42
331.61790 40
331.85885 48
332.09979 36
332.34074 46
332.58168 45
332.82263 50
333.06357 36
333.30452 23
333.54546 44
333.78640 46
334.02735 44
334.26829 31
334.50924 35
334.75018 49
334.99113 29
335.23207 40
335.47302 39
335.71396 39
335.95491 38
336.19585 28
336.43680 42
336.67774 35
336.91868 34
337.15963 39
337.40057 39
337.64152 42
337.88246 34
338.12341 32
338.36435 39
338.60530 43
338.84624 36
339.08719 28
339.32813 39
339.56908 32
339.81002 37
340.05096 29
340.29191 35
340.53285 41
340.77380 24
341.01474 33
341.25569 43
341.49663 36
341.73758 50
341.97852 23
342.21947 26
342.46041 24
342.70136 32
342.94230 22
343.18324 36
343.42419 35
343.66513 32
343.90608 29
344.14702 41
344.38797 22
344.62891 35
344.86986 38
345.11080 44
345.35175 27
345.59269 33
345.83364 33
346.07458 27
346.31552 40
346.55647 35
346.79741 28
347.03836 33
347.27930 31
347.52025 26
347.76119 27
348.00214 34
348.24308 31
348.48403 20
348.72497 25
348.96592 23
349.20686 25
349.44780 37
349.68875 35
349.92969 43
350.17064 18
350.41158 19
350.65253 28
350.89347 28
351.13442 25
351.37536 39
351.61631 32
351.85725 26
352.09820 21
352.33914 36
352.58008 32
352.82103 15
353.06197 17
353.30292 31
353.54386 27
353.78481 37
354.02575 28
354.26670 29
354.50764 22
354.74859 23
354.98953 25
355.23048 26
355.47142 25
355.71236 34
355.95331 17
356.19425 21
356.43520 30
356.67614 26
356.91709 21
357.15803 21
357.39898 28
357.63992 26
357.88087 24
358.12181 26
358.36276 31
358.60370 26
358.84464 25
359.08559 15
359.32653 26
359.56748 28
359.80842 21
360.04937 23
360.29031 19
360.53126 29
360.77220 16
361.01315 26
361.25409 25
361.49504 21
361.73598 14
361.97692 31
362.21787 24
362.45881 27
362.69976 24
362.94070 26
363.18165 24
363.42259 29
363.66354 20
363.90448 30
364.14543 31
364.38637 24
364.62732 20
364.86826 18
365.10920 30
365.35015 16
365.59109 27
365.83204 24
366.07298 19
366.31393 19
366.55487 22
366.79582 14
367.03676 25
367.27771 18
367.51865 25
367.75960 33
368.00054 31
368.24148 29
368.48243 35
368.72337 14
368.96432 23
369.20526 22
369.44621 24
369.68715 16
369.92810 23
370.16904 19
370.40999 23
370.65093 24
370.89188 23
371.13282 23
371.37376 23
371.61471 21
371.85565 23
372.09660 22
372.33754 30
372.57849 31
372.81943 17
373.06038 35
373.30132 27
373.54227 29
373.78321 24
374.02416 18
374.26510 17
374.50604 23
374.74699 29
374.98793 15
375.22888 24
375.46982 30
375.71077 15
375.95171 25
376.19266 37
376.43360 21
376.67455 19
376.91549 27
377.15643 18
377.39738 34
377.63832 23
377.87927 25
378.12021 18
378.36116 25
378.60210 11
378.84305 19
379.08399 32
379.32494 18
379.56588 32
379.80683 18
380.04777 21
380.28871 20
380.52966 24
380.77060 20
381.01155 21
381.25249 14
381.49344 21
381.73438 22
381.97533 15
382.21627 24
382.45722 19
382.69816 28
382.93911 20
383.18005 19
383.42099 16
383.66194 20
383.90288 24
384.14383 26
384.38477 24
384.62572 18
384.86666 21
385.10761 23
385.34855 25
385.58950 15
385.83044 23
386.07139 11
386.31233 34
386.55327 16
386.79422 23
387.03516 22
387.27611 32
387.51705 24
387.75800 23
387.99894 19
388.23989 28
388.48083 22
388.72178 33
388.96272 29
389.20367 21
389.44461 25
389.68555 26
389.92650 19
390.16744 26
390.40839 22
390.64933 20
390.89028 23
391.13122 24
391.37217 26
391.61311 19
391.85406 25
392.09500 15
392.33595 21
392.57689 22
392.81783 20
393.05878 18
393.29972 17
393.54067 19
393.78161 14
394.02256 14
394.26350 19
394.50445 22
394.74539 14
394.98634 21
395.22728 22
395.46823 23
395.70917 19
395.95011 28
396.19106 16
396.43200 20
396.67295 22
396.91389 20
397.15484 19
397.39578 30
397.63673 15
397.87767 26
398.11862 16
398.35956 18
398.60051 19
398.84145 15
399.08239 25
399.32334 19
399.56428 20
399.80523 19
400.04617 22
400.28712 23
400.52806 22
400.76901 20
401.00995 19
401.25090 25
401.49184 16
401.73279 13
401.97373 16
402.21467 15
402.45562 13
402.69656 20
402.93751 20
403.17845 25
403.41940 16
403.66034 20
403.90129 22
404.14223 14
404.38318 13
404.62412 31
404.86507 18
405.10601 20
405.34695 23
405.58790 20
405.82884 25
406.06979 25
406.31073 13
406.55168 20
406.79262 25
407.03357 23
407.27451 23
407.51546 11
407.75640 16
407.99735 17
408.23829 16
408.47923 24
408.72018 16
408.96112 20
409.20207 14
409.44301 22
409.68396 18
409.92490 23
410.16585 15
410.40679 26
410.64774 14
410.88868 17
411.12963 19
411.37057 24
411.61151 19
411.85246 19
412.09340 22
412.33435 30
412.57529 16
412.81624 15
413.05718 19
413.29813 25
413.53907 25
413.78002 16
414.02096 6
414.26191 23
414.50285 16
414.74379 22
414.98474 22
415.22568 17
415.46663 20
415.70757 21
415.94852 15
416.18946 16
416.43041 19
416.67135 21
416.91230 11
417.15324 23
417.39419 19
417.63513 20
417.87607 14
418.11702 33
418.35796 20
418.59891 21
418.83985 19
419.08080 21
419.32174 15
419.56269 15
419.80363 16
420.04458 17
420.28552 24
420.52646 21
420.76741 13
421.00835 23
421.24930 16
421.49024 14
421.73119 20
421.97213 28
422.21308 17
422.45402 17
422.69497 16
422.93591 20
423.17686 14
423.41780 19
423.65874 18
423.89969 18
424.14063 22
424.38158 21
424.62252 17
424.86347 22
425.10441 20
425.34536 24
425.58630 19
425.82725 16
426.06819 19
426.30914 13
426.55008 24
426.79102 22
427.03197 19
427.27291 16
427.51386 20
427.75480 10
427.99575 26
428.23669 20
428.47764 21
428.71858 25
428.95953 24
429.20047 28
429.44142 16
429.68236 17
429.92330 16
430.16425 17
430.40519 19
430.64614 22
430.88708 18
431.12803 21
431.36897 24
431.60992 13
431.85086 13
432.09181 18
432.33275 21
432.57370 16
432.81464 23
433.05558 22
433.29653 10
433.53747 10
433.77842 21
434.01936 20
434.26031 16
434.50125 9
434.74220 12
434.98314 17
435.22409 19
435.46503 14
435.70598 27
435.94692 20
436.18786 27
436.42881 15
436.66975 21
436.91070 19
437.15164 24
437.39259 22
437.63353 24
437.87448 17
438.11542 22
438.35637 7
438.59731 23
438.83826 19
439.07920 26
439.32014 15
439.56109 27
439.80203 22
440.04298 18
440.28392 25
440.52487 19
440.76581 13
441.00676 27
441.24770 21
441.48865 20
441.72959 16
441.97054 26
442.21148 21
442.45242 25
442.69337 12
442.93431 27
443.17526 27
443.41620 28
443.65715 13
443.89809 14
444.13904 12
444.37998 23
444.62093 16
444.86187 30
445.10282 21
445.34376 20
445.58470 20
445.82565 17
446.06659 15
446.30754 14
446.54848 26
446.78943 21
447.03037 23
447.27132 26
447.51226 21
447.75321 18
447.99415 28
448.23510 30
448.47604 19
448.71698 18
448.95793 13
449.19887 18
449.43982 19
449.68076 23
449.92171 22
450.16265 20
450.40360 17
450.64454 23
450.88549 17
451.12643 20
451.36738 21
451.60832 20
451.84926 25
452.09021 15
452.33115 23
452.57210 22
452.81304 19
453.05399 25
453.29493 11
453.53588 26
453.77682 19
454.01777 22
454.25871 26
454.49966 16
454.74060 25
454.98154 23
455.22249 22
455.46343 33
455.70438 16
455.94532 12
456.18627 20
456.42721 27
456.66816 31
456.90910 29
457.15005 31
457.39099 21
457.63194 24
457.87288 24
458.11382 17
458.35477 24
458.59571 22
458.83666 13
459.07760 28
459.31855 34
459.55949 21
459.80044 26
460.04138 23
460.28233 37
460.52327 29
460.76421 20
461.00516 22
461.24610 23
461.48705 28
461.72799 37
461.96894 33
462.20988 32
462.45083 23
462.69177 24
462.93272 26
463.17366 35
463.41461 34
463.65555 33
463.89649 35
464.13744 29
464.37838 36
464.61933 20
464.86027 44
465.10122 52
465.34216 49
465.58311 38
465.82405 37
466.06500 48
466.30594 33
466.54689 45
466.78783 35
467.02877 34
467.26972 33
467.51066 45
467.75161 44
467.99255 42
468.23350 46
468.47444 33
468.71539 39
468.95633 43
469.19728 47
469.43822 46
469.67917 51
469.92011 36
470.16105 51
470.40200 53
470.64294 49
470.88389 63
471.12483 68
471.36578 48
471.60672 52
471.84767 58
472.08861 63
472.32956 79
472.57050 60
472.81145 69
473.05239 64
473.29333 78
473.53428 62
473.77522 73
474.01617 77
474.25711 74
474.49806 77
474.73900 69
474.97995 88
475.22089 85
475.46184 83
475.70278 85
475.94373 79
476.18467 81
476.42561 82
476.66656 111
476.90750 96
477.14845 99
477.38939 91
477.63034 97
477.87128 92
478.11223 97
478.35317 100
478.59412 100
478.83506 108
479.07601 117
479.31695 116
479.55789 115
479.79884 122
480.03978 134
480.28073 138
480.52167 118
480.76262 133
481.00356 113
481.24451 138
481.48545 116
481.72640 142
481.96734 133
482.20829 130
482.44923 132
482.69017 157
482.93112 157
483.17206 164
483.41301 160
483.65395 154
483.89490 161
484.13584 163
484.37679 171
484.61773 168
484.85868 155
485.09962 158
485.34057 187
485.58151 211
485.82245 193
486.06340 195
486.30434 202
486.54529 214
486.78623 169
487.02718 178
487.26812 181
487.50907 229
487.75001 244
487.99096 239
488.23190 200
488.47285 214
488.71379 201
488.95473 195
489.19568 226
489.43662 235
489.67757 217
489.91851 187
490.15946 230
490.40040 238
490.64135 215
490.88229 240
491.12324 241
491.36418 232
491.60513 264
491.84607 246
492.08701 295
492.32796 256
492.56890 256
492.80985 270
493.05079 282
493.29174 279
493.53268 276
493.77363 289
494.01457 309
494.25552 295
494.49646 298
494.73741 346
494.97835 307
495.21929 304
495.46024 306
495.70118 296
495.94213 284
496.18307 309
496.42402 308
496.66496 332
496.90591 314
497.14685 329
497.38780 324
497.62874 320
497.86969 354
498.11063 342
498.35157 350
498.59252 292
498.83346 337
499.07441 327
499.31535 309
499.55630 343
499.79724 333
500.03819 343
500.27913 375
500.52008 335
500.76102 324
501.00197 337
501.24291 327
501.48385 333
501.72480 344
501.96574 342
502.20669 362
502.44763 333
502.68858 389
502.92952 328
503.17047 362
503.41141 372
503.65236 374
503.89330 369
504.13424 338
504.37519 390
504.61613 373
504.85708 332
505.09802 340
505.33897 362
505.57991 362
505.82086 336
506.06180 343
506.30275 350
506.54369 350
506.78464 383
507.02558 355
507.26652 317
507.50747 371
507.74841 367
507.98936 347
508.23030 337
508.47125 388
508.71219 372
508.95314 364
509.19408 368
509.43503 367
509.67597 337
509.91692 335
510.15786 376
510.39880 366
510.63975 333
510.88069 318
511.12164 337
511.36258 365
511.60353 304
511.84447 318
512.08542 313
512.32636 295
512.56731 345
512.80825 288
513.04920 317
513.29014 321
513.53108 309
513.77203 311
514.01297 327
514.25392 293
514.49486 290
514.73581 295
514.97675 321
515.21770 321
515.45864 283
515.69959 275
515.94053 285
516.18148 281
516.42242 265
516.66336 252
516.90431 286
517.14525 269
517.38620 247
517.62714 253
517.86809 274
518.10903 286
518.34998 265
518.59092 218
518.83187 240
519.07281 263
519.31376 214
519.55470 255
519.79564 222
520.03659 223
520.27753 244
520.51848 203
520.75942 215
521.00037 198
521.24131 218
521.48226 189
521.72320 203
521.96415 196
522.20509 180
522.44604 182
522.68698 176
522.92792 194
523.16887 189
523.40981 194
523.65076 197
523.89170 185
524.13265 176
524.37359 142
524.61454 161
524.85548 168
525.09643 144
525.33737 146
525.57832 139
525.81926 153
526.06020 158
526.30115 158
526.54209 149
526.78304 128
527.02398 128
527.26493 110
527.50587 146
527.74682 131
527.98776 131
528.22871 98
528.46965 137
528.71060 101
528.95154 103
529.19248 104
529.43343 130
529.67437 111
529.91532 117
530.15626 106
530.39721 90
530.63815 89
530.87910 118
531.12004 85
531.36099 94
531.60193 107
531.84288 73
532.08382 75
532.32476 89
532.56571 72
532.80665 82
533.04760 58
533.28854 67
533.52949 60
533.77043 63
534.01138 69
534.25232 52
534.49327 50
534.73421 54
534.97516 45
535.21610 55
535.45704 68
535.69799 48
535.93893 42
536.17988 41
536.42082 52
536.66177 33
536.90271 36
537.14366 40
537.38460 51
537.62555 43
537.86649 39
538.10744 37
538.34838 25
538.58932 40
538.83027 33
539.07121 31
539.31216 29
539.55310 39
539.79405 39
540.03499 33
540.27594 29
540.51688 30
540.75783 35
540.99877 21
541.23972 25
541.48066 28
541.72160 26
541.96255 23
542.20349 34
542.44444 17
542.68538 20
542.92633 14
543.16727 25
543.40822 18
543.64916 22
543.89011 11
544.13105 21
544.37200 28
544.61294 22
544.85388 10
545.09483 21
545.33577 17
545.57672 16
545.81766 14
546.05861 18
546.29955 15
546.54050 20
546.78144 14
547.02239 12
547.26333 17
547.50427 16
547.74522 11
547.98616 11
548.22711 15
548.46805 11
548.70900 16
548.94994 13
549.19089 14
549.43183 13
549.67278 12
549.91372 15
550.15467 11
550.39561 10
550.63655 11
550.87750 11
551.11844 15
551.35939 16
551.60033 13
551.84128 22
552.08222 11
552.32317 14
552.56411 16
552.80506 8
553.04600 13
553.28695 19
553.52789 12
553.76883 12
554.00978 9
554.25072 10
554.49167 12
554.73261 17
554.97356 7
555.21450 15
555.45545 7
555.69639 10
555.93734 13
556.17828 9
556.41923 13
556.66017 11
556.90111 16
557.14206 10
557.38300 13
557.62395 15
557.86489 12
558.10584 3
558.34678 14
558.58773 14
558.82867 14
559.06962 8
559.31056 14
559.55151 8
559.79245 8
560.03339 10
560.27434 16
560.51528 5
560.75623 15
560.99717 11
561.23812 8
561.47906 13
561.72001 10
561.96095 11
562.20190 10
562.44284 15
562.68379 12
562.92473 14
563.16567 5
563.40662 10
563.64756 12
563.88851 8
564.12945 9
564.37040 12
564.61134 12
564.85229 13
565.09323 11
565.33418 16
565.57512 8
565.81607 12
566.05701 15
566.29795 8
566.53890 4
566.77984 10
567.02079 12
567.26173 10
567.50268 8
567.74362 9
567.98457 12
568.22551 11
568.46646 14
568.70740 8
568.94835 8
569.18929 13
569.43023 13
569.67118 12
569.91212 10
570.15307 14
570.39401 17
570.63496 16
570.87590 11
571.11685 11
571.35779 8
571.59874 2
571.83968 13
572.08063 6
572.32157 16
572.56251 11
572.80346 9
573.04440 14
573.28535 16
573.52629 9
573.76724 11
574.00818 7
574.24913 5
574.49007 14
574.73102 6
574.97196 9
575.21291 8
575.45385 9
575.69479 9
575.93574 9
576.17668 9
576.41763 7
576.65857 6
576.89952 13
577.14046 13
577.38141 7
577.62235 13
577.86330 6
578.10424 10
578.34519 8
578.58613 10
578.82707 14
579.06802 8
579.30896 5
579.54991 12
579.79085 14
580.03180 16
580.27274 10
580.51369 9
580.75463 9
580.99558 11
581.23652 12
581.47747 10
581.71841 9
581.95935 6
582.20030 11
582.44124 10
582.68219 10
582.92313 11
583.16408 9
583.40502 11
583.64597 7
583.88691 12
584.12786 5
584.36880 7
584.60975 13
584.85069 12
585.09163 10
585.33258 12
585.57352 12
585.81447 9
586.05541 10
586.29636 9
586.53730 13
586.77825 7
587.01919 14
587.26014 12
587.50108 10
587.74203 10
587.98297 17
588.22391 9
588.46486 10
588.70580 6
588.94675 10
589.18769 7
589.42864 17
589.66958 15
589.91053 9
590.15147 6
590.39242 5
590.63336 6
590.87430 10
591.11525 7
591.35619 10
591.59714 11
591.83808 5
592.07903 16
592.31997 7
592.56092 9
592.80186 10
593.04281 13
593.28375 11
593.52470 12
593.76564 12
594.00658 14
594.24753 8
594.48847 8
594.72942 6
594.97036 10
595.21131 19
595.45225 5
595.69320 4
595.93414 10
596.17509 16
596.41603 10
596.65698 8
596.89792 13
597.13886 18
597.37981 6
597.62075 6
597.86170 8
598.10264 7
598.34359 7
598.58453 9
598.82548 10
599.06642 9
599.30737 12
599.54831 2
599.78926 9
600.03020 11
600.27114 5
600.51209 9
600.75303 5
600.99398 15
601.23492 6
601.47587 9
601.71681 8
601.95776 15
602.19870 16
602.43965 10
602.68059 7
602.92154 18
603.16248 12
603.40342 10
603.64437 6
603.88531 10
604.12626 5
604.36720 14
604.60815 15
604.84909 12
605.09004 11
605.33098 9
605.57193 13
605.81287 8
606.05382 8
606.29476 13
606.53570 2
606.77665 7
607.01759 10
607.25854 18
607.49948 9
607.74043 9
607.98137 4
608.22232 19
608.46326 2
608.70421 10
608.94515 7
609.18610 7
609.42704 11
609.66798 7
609.90893 9
610.14987 7
610.39082 13
610.63176 19
610.87271 11
611.11365 8
611.35460 7
611.59554 8
611.83649 17
612.07743 8
612.31838 15
612.55932 5
612.80026 6
613.04121 6
613.28215 16
613.52310 9
613.76404 9
614.00499 10
614.24593 14
614.48688 9
614.72782 10
614.96877 9
615.20971 8
615.45066 9
615.69160 9
615.93254 4
616.17349 9
616.41443 18
616.65538 13
616.89632 17
617.13727 4
617.37821 8
617.61916 14
617.86010 5
618.10105 14
618.34199 6
618.58294 12
618.82388 10
619.06482 9
619.30577 11
619.54671 8
619.78766 10
620.02860 7
620.26955 10
620.51049 10
620.75144 12
620.99238 9
621.23333 11
621.47427 12
621.71522 8
621.95616 6
622.19710 16
622.43805 8
622.67899 13
622.91994 9
623.16088 17
623.40183 4
623.64277 10
623.88372 13
624.12466 8
624.36561 11
624.60655 12
624.84750 16
625.08844 5
625.32938 11
625.57033 11
625.81127 9
626.05222 12
626.29316 7
626.53411 12
626.77505 7
627.01600 10
627.25694 9
627.49789 15
627.73883 11
627.97978 10
628.22072 8
628.46166 3
628.70261 6
628.94355 13
629.18450 14
629.42544 13
629.66639 14
629.90733 7
630.14828 12
630.38922 14
630.63017 24
630.87111 13
631.11206 16
631.35300 9
631.59394 6
631.83489 11
632.07583 7
632.31678 12
632.55772 9
632.79867 11
633.03961 8
633.28056 7
633.52150 9
633.76245 2
634.00339 12
634.24433 13
634.48528 12
634.72622 9
634.96717 11
635.20811 8
635.44906 10
635.69000 4
635.93095 13
636.17189 11
636.41284 7
636.65378 9
636.89473 11
637.13567 6
637.37661 12
637.61756 14
637.85850 8
638.09945 11
638.34039 8
638.58134 5
638.82228 6
639.06323 14
639.30417 7
639.54512 14
639.78606 10
640.02701 17
640.26795 9
640.50889 6
640.74984 9
640.99078 12
641.23173 6
641.47267 13
641.71362 10
641.95456 11
642.19551 10
642.43645 2
642.67740 9
642.91834 10
643.15929 1
643.40023 11
643.64117 20
643.88212 7
644.12306 8
644.36401 7
644.60495 10
644.84590 11
645.08684 11
645.32779 9
645.56873 12
645.80968 4
646.05062 6
646.29157 7
646.53251 8
646.77345 12
647.01440 13
647.25534 5
647.49629 7
647.73723 10
647.97818 10
648.21912 6
648.46007 11
648.70101 12
648.94196 4
649.18290 6
649.42385 8
649.66479 11
649.90573 6
650.14668 6
650.38762 13
650.62857 6
650.86951 14
651.11046 7
651.35140 2
651.59235 7
651.83329 2
652.07424 6
652.31518 6
652.55613 10
652.79707 10
653.03801 15
653.27896 18
653.51990 9
653.76085 10
654.00179 5
654.24274 13
654.48368 8
654.72463 13
654.96557 8
655.20652 8
655.44746 9
655.68841 8
655.92935 9
656.17029 7
656.41124 8
656.65218 10
656.89313 10
657.13407 10
657.37502 9
657.61596 11
657.85691 10
658.09785 7
658.33880 12
658.57974 5
658.82069 7
659.06163 7
659.30257 11
659.54352 13
659.78446 11
660.02541 5
660.26635 8
660.50730 8
660.74824 4
660.98919 11
661.23013 8
661.47108 11
661.71202 11
661.95297 5
662.19391 6
662.43485 9
662.67580 5
662.91674 15
663.15769 6
663.39863 8
663.63958 8
663.88052 11
664.12147 7
664.36241 11
664.60336 14
664.84430 13
665.08525 5
665.32619 2
665.56713 10
665.80808 6
666.04902 10
666.28997 6
666.53091 8
666.77186 8
667.01280 11
667.25375 12
667.49469 10
667.73564 10
667.97658 8
668.21753 15
668.45847 7
668.69941 13
668.94036 6
669.18130 14
669.42225 9
669.66319 11
669.90414 13
670.14508 13
670.38603 12
670.62697 12
670.86792 6
671.10886 10
671.34981 4
671.59075 15
671.83169 12
672.07264 5
672.31358 9
672.55453 9
672.79547 12
673.03642 8
673.27736 7
673.51831 12
673.75925 7
674.00020 12
674.24114 7
674.48209 7
674.72303 13
674.96397 3
675.20492 3
675.44586 10
675.68681 12
675.92775 9
676.16870 12
676.40964 11
676.65059 5
676.89153 5
677.13248 10
677.37342 10
677.61436 9
677.85531 6
678.09625 6
678.33720 8
678.57814 9
678.81909 9
679.06003 8
679.30098 11
679.54192 13
679.78287 10
680.02381 11
680.26476 9
680.50570 9
680.74664 8
680.98759 13
681.22853 8
681.46948 8
681.71042 9
681.95137 10
682.19231 11
682.43326 14
682.67420 9
682.91515 7
683.15609 11
683.39704 10
683.63798 13
683.87892 11
684.11987 5
684.36081 5
684.60176 13
684.84270 10
685.08365 15
685.32459 7
685.56554 11
685.80648 7
686.04743 11
686.28837 8
686.52932 12
686.77026 14
687.01120 6
687.25215 21
687.49309 11
687.73404 11
687.97498 9
688.21593 8
688.45687 8
688.69782 17
688.93876 12
689.17971 4
689.42065 10
689.66160 17
689.90254 11
690.14348 11
690.38443 15
690.62537 8
690.86632 8
691.10726 13
691.34821 6
691.58915 16
691.83010 14
692.07104 9
692.31199 10
692.55293 15
692.79388 14
693.03482 3
693.27576 7
693.51671 7
693.75765 7
693.99860 14
694.23954 14
694.48049 8
694.72143 7
694.96238 8
695.20332 13
695.44427 15
695.68521 5
695.92616 14
696.16710 16
696.40804 14
696.64899 10
696.88993 12
697.13088 12
697.37182 13
697.61277 12
697.85371 16
698.09466 12
698.33560 12
698.57655 14
698.81749 12
699.05844 9
699.29938 9
699.54032 12
699.78127 12
700.02221 14
700.26316 4
700.50410 11
700.74505 5
700.98599 12
701.22694 13
701.46788 5
701.70883 10
701.94977 12
702.19072 8
702.43166 20
702.67260 10
702.91355 12
703.15449 12
703.39544 11
703.63638 13
703.87733 13
704.11827 9
704.35922 7
704.60016 12
704.84111 9
705.08205 13
705.32300 10
705.56394 15
705.80488 11
706.04583 7
706.28677 10
706.52772 8
706.76866 15
707.00961 11
707.25055 12
707.49150 10
707.73244 15
707.97339 7
708.21433 15
708.45528 14
708.69622 13
708.93716 12
709.17811 16
709.41905 12
709.66000 11
709.90094 11
710.14189 12
710.38283 12
710.62378 16
710.86472 8
711.10567 16
711.34661 15
711.58756 7
711.82850 10
712.06944 10
712.31039 11
712.55133 10
712.79228 6
713.03322 8
713.27417 13
713.51511 10
713.75606 17
713.99700 15
714.23795 13
714.47889 9
714.71984 14
714.96078 11
715.20172 13
715.44267 6
715.68361 9
715.92456 10
716.16550 13
716.40645 11
716.64739 13
716.88834 12
717.12928 8
717.37023 5
717.61117 10
717.85212 10
718.09306 7
718.33400 10
718.57495 5
718.81589 17
719.05684 15
719.29778 9
719.53873 14
719.77967 6
720.02062 16
720.26156 13
720.50251 12
720.74345 9
720.98439 11
721.22534 16
721.46628 8
721.70723 7
721.94817 5
722.18912 12
722.43006 10
722.67101 8
722.91195 7
723.15290 9
723.39384 15
723.63479 9
723.87573 9
724.11667 11
724.35762 11
724.59856 7
724.83951 9
725.08045 12
725.32140 10
725.56234 8
725.80329 6
726.04423 8
726.28518 10
726.52612 17
726.76707 3
727.00801 12
727.24895 9
727.48990 7
727.73084 9
727.97179 4
728.21273 12
728.45368 8
728.69462 4
728.93557 10
729.17651 7
729.41746 11
729.65840 12
729.89935 9
730.14029 15
730.38123 7
730.62218 12
730.86312 11
731.10407 16
731.34501 9
731.58596 10
731.82690 8
732.06785 10
732.30879 15
732.54974 12
732.79068 19
733.03163 19
733.27257 16
733.51351 8
733.75446 10
733.99540 11
734.23635 11
734.47729 14
734.71824 8
734.95918 5
735.20013 16
735.44107 8
735.68202 11
735.92296 7
736.16391 9
736.40485 6
736.64579 11
736.88674 11
737.12768 10
737.36863 8
737.60957 6
737.85052 12
738.09146 6
738.33241 12
738.57335 18
738.81430 14
739.05524 6
739.29619 10
739.53713 11
739.77807 9
740.01902 10
740.25996 11
740.50091 12
740.74185 6
740.98280 11
741.22374 10
741.46469 8
741.70563 6
741.94658 9
742.18752 14
742.42847 7
742.66941 0
742.91035 15
743.15130 7
743.39224 7
743.63319 7
743.87413 13
744.11508 5
744.35602 13
744.59697 8
744.83791 8
745.07886 12
745.31980 12
745.56075 11
745.80169 4
746.04263 13
746.28358 7
746.52452 11
746.76547 13
747.00641 10
747.24736 7
747.48830 14
747.72925 4
747.97019 14
748.21114 11
748.45208 14
748.69303 11
748.93397 14
749.17491 15
749.41586 10
749.65680 4
749.89775 10
750.13869 8
750.37964 11
750.62058 15
750.86153 10
751.10247 9
751.34342 5
751.58436 11
751.82531 8
752.06625 16
752.30719 7
752.54814 11
752.78908 7
753.03003 9
753.27097 3
753.51192 9
753.75286 11
753.99381 10
754.23475 12
754.47570 13
754.71664 8
754.95759 11
755.19853 18
755.43947 13
755.68042 12
755.92136 9
756.16231 15
756.40325 9
756.64420 14
756.88514 10
757.12609 7
757.36703 15
757.60798 11
757.84892 10
758.08987 6
758.33081 4
758.57175 15
758.81270 11
759.05364 6
759.29459 5
759.53553 9
759.77648 11
760.01742 3
760.25837 5
760.49931 13
760.74026 15
760.98120 8
761.22215 8
761.46309 15
761.70403 11
761.94498 7
762.18592 12
762.42687 13
762.66781 11
762.90876 5
763.14970 7
763.39065 13
763.63159 14
763.87254 7
764.11348 12
764.35442 11
764.59537 15
764.83631 10
765.07726 14
765.31820 15
765.55915 7
765.80009 10
766.04104 8
766.28198 9
766.52293 9
766.76387 8
767.00482 11
767.24576 6
767.48670 11
767.72765 9
767.96859 13
768.20954 11
768.45048 13
768.69143 9
768.93237 6
769.17332 15
769.41426 10
769.65521 4
769.89615 6
770.13710 12
770.37804 8
770.61898 8
770.85993 10
771.10087 7
771.34182 9
771.58276 13
771.82371 7
772.06465 11
772.30560 10
772.54654 8
772.78749 12
773.02843 13
773.26938 7
773.51032 15
773.75126 7
773.99221 6
774.23315 10
774.47410 6
774.71504 15
774.95599 14
775.19693 7
775.43788 6
775.67882 10
775.91977 15
776.16071 14
776.40166 10
776.64260 13
776.88354 5
777.12449 9
777.36543 7
777.60638 9
777.84732 6
778.08827 11
778.32921 10
778.57016 10
778.81110 7
779.05205 5
779.29299 12
779.53394 9
779.77488 12
780.01582 6
780.25677 3
780.49771 12
780.73866 11
780.97960 14
781.22055 11
781.46149 8
781.70244 10
781.94338 11
782.18433 14
782.42527 14
782.66622 8
782.90716 18
783.14810 6
783.38905 8
783.62999 9
783.87094 9
784.11188 14
784.35283 11
784.59377 14
784.83472 10
785.07566 8
785.31661 7
785.55755 11
785.79850 6
786.03944 10
786.28038 11
786.52133 7
786.76227 11
787.00322 9
787.24416 12
787.48511 6
787.72605 10
787.96700 6
788.20794 17
788.44889 6
788.68983 14
788.93078 10
789.17172 9
789.41266 9
789.65361 11
789.89455 14
790.13550 10
790.37644 13
790.61739 9
790.85833 8
791.09928 15
791.34022 11
791.58117 10
791.82211 6
792.06306 7
792.30400 12
792.54494 12
792.78589 12
793.02683 10
793.26778 11
793.50872 8
793.74967 11
793.99061 14
794.23156 10
794.47250 10
794.71345 12
794.95439 14
795.19534 8
795.43628 11
795.67722 11
795.91817 6
796.15911 11
796.40006 14
796.64100 4
796.88195 6
797.12289 5
797.36384 11
797.60478 13
797.84573 12
798.08667 16
798.32762 12
798.56856 16
798.80950 11
799.05045 6
799.29139 5
799.53234 11
799.77328 8
800.01423 10
800.25517 5
800.49612 7
800.73706 5
800.97801 15
801.21895 10
801.45990 6
801.70084 8
801.94178 8
802.18273 9
802.42367 13
802.66462 5
802.90556 5
803.14651 5
803.38745 9
803.62840 11
803.86934 6
804.11029 7
804.35123 8
804.59217 8
804.83312 8
805.07406 9
805.31501 4
805.55595 9
805.79690 8
806.03784 4
806.27879 17
806.51973 6
806.76068 11
807.00162 6
807.24257 14
807.48351 16
807.72445 4
807.96540 4
808.20634 8
808.44729 11
808.68823 9
808.92918 9
809.17012 10
809.41107 14
809.65201 10
809.89296 20
810.13390 9
810.37485 9
810.61579 9
810.85673 8
811.09768 12
811.33862 10
811.57957 10
811.82051 8
812.06146 6
812.30240 9
812.54335 11
812.78429 12
813.02524 10
813.26618 9
813.50713 3
813.74807 11
813.98901 14
814.22996 6
814.47090 13
814.71185 9
814.95279 20
815.19374 9
815.43468 7
815.67563 8
815.91657 5
816.15752 8
816.39846 11
816.63941 11
816.88035 18
817.12129 6
817.36224 3
817.60318 9
817.84413 13
818.08507 13
818.32602 8
818.56696 8
818.80791 9
819.04885 10
819.28980 8
819.53074 10
819.77169 4
820.01263 19
820.25357 9
820.49452 9
820.73546 6
820.97641 9
821.21735 15
821.45830 9
821.69924 6
821.94019 9
822.18113 15
822.42208 10
822.66302 11
822.90397 11
823.14491 10
823.38585 8
823.62680 8
823.86774 10
824.10869 13
824.34963 10
824.59058 10
824.83152 18
825.07247 6
825.31341 6
825.55436 8
825.79530 6
826.03625 8
826.27719 10
826.51813 14
826.75908 17
827.00002 10
827.24097 14
827.48191 10
827.72286 4
827.96380 5
828.20475 10
828.44569 19
828.68664 7
828.92758 10
829.16853 10
829.40947 6
829.65041 7
829.89136 14
830.13230 10
830.37325 5
830.61419 6
830.85514 13
831.09608 12
831.33703 8
831.57797 6
831.81892 11
832.05986 11
832.30081 8
832.54175 11
832.78269 7
833.02364 6
833.26458 11
833.50553 14
833.74647 14
833.98742 8
834.22836 10
834.46931 10
834.71025 4
834.95120 13
835.19214 14
835.43309 11
835.67403 11
835.91497 12
836.15592 7
836.39686 15
836.63781 7
836.87875 7
837.11970 7
837.36064 9
837.60159 7
837.84253 7
838.08348 9
838.32442 5
838.56537 14
838.80631 10
839.04725 13
839.28820 7
839.52914 18
839.77009 12
840.01103 4
840.25198 14
840.49292 11
840.73387 11
840.97481 7
841.21576 5
841.45670 14
841.69765 11
841.93859 6
842.17953 10
842.42048 13
842.66142 9
842.90237 15
843.14331 10
843.38426 4
843.62520 11
843.86615 8
844.10709 11
844.34804 11
844.58898 10
844.82993 13
845.07087 8
845.31181 14
845.55276 6
845.79370 10
846.03465 11
846.27559 8
846.51654 7
846.75748 7
846.99843 8
847.23937 7
847.48032 6
847.72126 6
847.96220 5
848.20315 8
848.44409 12
848.68504 3
848.92598 6
849.16693 8
849.40787 7
849.64882 12
849.88976 4
850.13071 16
850.37165 8
850.61260 4
850.85354 10
851.09448 6
851.33543 9
851.57637 6
851.81732 9
852.05826 5
852.29921 8
852.54015 5
852.78110 13
853.02204 13
853.26299 7
853.50393 13
853.74488 8
853.98582 8
854.22676 6
854.46771 9
854.70865 7
854.94960 6
855.19054 11
855.43149 5
855.67243 2
855.91338 6
856.15432 5
856.39527 13
856.63621 6
856.87716 13
857.11810 5
857.35904 10
857.59999 10
857.84093 5
858.08188 3
858.32282 16
858.56377 11
858.80471 10
859.04566 6
859.28660 15
859.52755 9
859.76849 10
860.00944 13
860.25038 10
860.49132 15
860.73227 6
860.97321 8
861.21416 6
861.45510 5
861.69605 15
861.93699 8
862.17794 4
862.41888 13
862.65983 15
862.90077 8
863.14172 12
863.38266 8
863.62360 6
863.86455 9
864.10549 7
864.34644 9
864.58738 5
864.82833 11
865.06927 10
865.31022 15
865.55116 2
865.79211 6
866.03305 10
866.27400 12
866.51494 6
866.75588 13
866.99683 9
867.23777 16
867.47872 7
867.71966 10
867.96061 5
868.20155 8
868.44250 6
868.68344 16
868.92439 4
869.16533 8
869.40628 10
869.64722 4
869.88816 10
870.12911 11
870.37005 7
870.61100 10
870.85194 13
871.09289 9
871.33383 10
871.57478 6
871.81572 5
872.05667 7
872.29761 14
872.53856 12
872.77950 3
873.02044 10
873.26139 11
873.50233 6
873.74328 6
873.98422 2
874.22517 10
874.46611 9
874.70706 10
874.94800 4
875.18895 7
875.42989 9
875.67084 11
875.91178 13
876.15272 8
876.39367 12
876.63461 16
876.87556 2
877.11650 2
877.35745 8
877.59839 15
877.83934 8
878.08028 9
878.32123 14
878.56217 5
878.80312 15
879.04406 5
879.28500 4
879.52595 3
879.76689 7
880.00784 10
880.24878 3
880.48973 8
880.73067 8
880.97162 9
881.21256 9
881.45351 12
881.69445 13
881.93540 13
882.17634 6
882.41728 15
882.65823 14
882.89917 8
883.14012 6
883.38106 8
883.62201 9
883.86295 10
884.10390 8
884.34484 8
884.58579 9
884.82673 8
885.06768 10
885.30862 6
885.54956 19
885.79051 8
886.03145 12
886.27240 9
886.51334 9
886.75429 17
886.99523 12
887.23618 14
887.47712 9
887.71807 12
887.95901 3
888.19996 11
888.44090 10
888.68184 5
888.92279 8
889.16373 8
889.40468 15
889.64562 9
889.88657 9
890.12751 9
890.36846 10
890.60940 10
890.85035 5
891.09129 8
891.33223 13
891.57318 8
891.81412 10
892.05507 8
892.29601 6
892.53696 10
892.77790 13
893.01885 9
893.25979 3
893.50074 8
893.74168 13
893.98263 19
894.22357 8
894.46451 6
894.70546 11
894.94640 5
895.18735 11
895.42829 8
895.66924 20
895.91018 12
896.15113 9
896.39207 11
896.63302 5
896.87396 9
897.11491 13
897.35585 13
897.59679 7
897.83774 11
898.07868 19
898.31963 15
898.56057 15
898.80152 17
899.04246 13
899.28341 11
899.52435 13
899.76530 4
900.00624 5
900.24719 4
900.48813 13
900.72907 8
900.97002 8
901.21096 14
901.45191 11
901.69285 13
901.93380 8
902.17474 12
902.41569 11
902.65663 8
902.89758 7
903.13852 7
903.37947 8
903.62041 15
903.86135 11
904.10230 9
904.34324 14
904.58419 13
904.82513 12
905.06608 6
905.30702 8
905.54797 20
905.78891 6
906.02986 12
906.27080 14
906.51175 8
906.75269 14
906.99363 9
907.23458 6
907.47552 14
907.71647 14
907.95741 14
908.19836 8
908.43930 15
908.68025 15
908.92119 15
909.16214 12
909.40308 11
909.64403 17
909.88497 13
910.12591 8
910.36686 11
910.60780 6
910.84875 20
911.08969 10
911.33064 13
911.57158 6
911.81253 11
912.05347 14
912.29442 12
912.53536 9
912.77631 8
913.01725 14
913.25819 9
913.49914 16
913.74008 18
913.98103 8
914.22197 8
914.46292 10
914.70386 15
914.94481 6
915.18575 7
915.42670 10
915.66764 11
915.90859 18
916.14953 13
916.39047 15
916.63142 13
916.87236 8
917.11331 10
917.35425 8
917.59520 14
917.83614 16
918.07709 5
918.31803 11
918.55898 8
918.79992 17
919.04087 12
919.28181 13
919.52275 17
919.76370 6
920.00464 7
920.24559 8
920.48653 7
920.72748 13
920.96842 13
921.20937 9
921.45031 11
921.69126 13
921.93220 13
922.17315 5
922.41409 10
922.65503 12
922.89598 12
923.13692 15
923.37787 15
923.61881 11
923.85976 15
924.10070 12
924.34165 11
924.58259 10
924.82354 16
925.06448 10
925.30543 10
925.54637 12
925.78731 15
926.02826 15
926.26920 11
926.51015 10
926.75109 10
926.99204 6
927.23298 12
927.47393 7
927.71487 12
927.95582 10
928.19676 10
928.43771 10
928.67865 15
928.91959 5
929.16054 11
929.40148 9
929.64243 12
929.88337 14
930.12432 8
930.36526 16
930.60621 12
930.84715 6
931.08810 8
931.32904 10
931.56999 8
931.81093 12
932.05187 12
932.29282 17
932.53376 16
932.77471 11
933.01565 13
933.25660 9
933.49754 9
933.73849 15
933.97943 8
934.22038 18
934.46132 14
934.70226 21
934.94321 9
935.18415 6
935.42510 16
935.66604 13
935.90699 15
936.14793 9
936.38888 10
936.62982 9
936.87077 18
937.11171 12
937.35266 10
937.59360 17
937.83454 8
938.07549 9
938.31643 11
938.55738 13
938.79832 15
939.03927 11
939.28021 10
939.52116 6
939.76210 5
940.00305 9
940.24399 10
940.48494 11
940.72588 12
940.96682 13
941.20777 11
941.44871 11
941.68966 15
941.93060 10
942.17155 16
942.41249 15
942.65344 11
942.89438 10
943.13533 16
943.37627 12
943.61722 12
943.85816 4
944.09910 10
944.34005 17
944.58099 7
944.82194 8
945.06288 16
945.30383 8
945.54477 16
945.78572 18
946.02666 10
946.26761 15
946.50855 12
946.74950 14
946.99044 17
947.23138 13
947.47233 14
947.71327 13
947.95422 10
948.19516 12
948.43611 7
948.67705 10
948.91800 9
949.15894 12
949.39989 14
949.64083 13
949.88178 7
950.12272 11
950.36366 12
950.60461 13
950.84555 8
951.08650 8
951.32744 18
951.56839 11
951.80933 8
952.05028 14
952.29122 14
952.53217 10
952.77311 8
953.01406 12
953.25500 14
953.49594 6
953.73689 6
953.97783 8
954.21878 8
954.45972 7
954.70067 12
954.94161 11
955.18256 17
955.42350 16
955.66445 11
955.90539 8
956.14634 18
956.38728 11
956.62822 9
956.86917 11
957.11011 12
957.35106 4
957.59200 12
957.83295 14
958.07389 9
958.31484 8
958.55578 13
958.79673 16
959.03767 9
959.27862 13
959.51956 11
959.76050 10
960.00145 9
960.24239 18
960.48334 11
960.72428 12
960.96523 11
961.20617 8
961.44712 14
961.68806 11
961.92901 16
962.16995 6
962.41090 14
962.65184 16
962.89278 18
963.13373 7
963.37467 15
963.61562 12
963.85656 12
964.09751 9
964.33845 9
964.57940 13
964.82034 10
965.06129 6
965.30223 8
965.54318 9
965.78412 13
966.02506 8
966.26601 9
966.50695 7
966.74790 6
966.98884 16
967.22979 7
967.47073 12
967.71168 9
967.95262 8
968.19357 10
968.43451 16
968.67546 5
968.91640 13
969.15734 11
969.39829 5
969.63923 12
969.88018 11
970.12112 14
970.36207 11
970.60301 8
970.84396 14
971.08490 11
971.32585 13
971.56679 16
971.80774 10
972.04868 10
972.28962 10
972.53057 13
972.77151 15
973.01246 12
973.25340 13
973.49435 10
973.73529 11
973.97624 13
974.21718 11
974.45813 10
974.69907 12
974.94002 16
975.18096 13
975.42190 10
975.66285 13
975.90379 7
976.14474 10
976.38568 7
976.62663 14
976.86757 12
977.10852 10
977.34946 4
977.59041 13
977.83135 11
978.07229 11
978.31324 9
978.55418 9
978.79513 7
979.03607 6
979.27702 16
979.51796 9
979.75891 10
979.99985 9
980.24080 12
980.48174 5
980.72269 8
980.96363 14
981.20457 8
981.44552 10
981.68646 13
981.92741 10
