# energy_keV counts
-9.43908 0
-9.19198 0
-8.94489 0
-8.69779 0
-8.45069 0
-8.20359 0
-7.95649 0
-7.70939 0
-7.46229 0
-7.21519 0
-6.96810 0
-6.72100 0
-6.47390 0
-6.22680 0
-5.97970 0
-5.73260 0
-5.48550 0
-5.23841 0
-4.99131 0
-4.74421 0
-4.49711 0
-4.25001 0
-4.00291 0
-3.75581 0
-3.50871 0
-3.26162 0
-3.01452 0
-2.76742 0
-2.52032 0
-2.27322 0
-2.02612 0
-1.77902 0
-1.53192 0
-1.28483 0
-1.03773 0
-0.79063 0
-0.54353 0
-0.29643 0
-0.04933 0
0.19777 0
0.44487 0
0.69196 35
0.93906 112
1.18616 91
1.43326 103
1.68036 90
1.92746 83
2.17456 90
2.42166 65
2.66875 84
2.91585 65
3.16295 73
3.41005 85
3.65715 84
3.90425 89
4.15135 72
4.39844 77
4.64554 76
4.89264 76
5.13974 87
5.38684 93
5.63394 92
5.88104 80
6.12814 82
6.37523 74
6.62233 73
6.86943 94
7.11653 72
7.36363 85
7.61073 67
7.85783 76
8.10493 73
8.35202 92
8.59912 88
8.84622 83
9.09332 88
9.34042 86
9.58752 85
9.83462 83
10.08172 97
10.32881 79
10.57591 86
10.82301 91
11.07011 71
11.31721 95
11.56431 83
11.81141 99
12.05850 102
12.30560 67
12.55270 79
12.79980 75
13.04690 75
13.29400 96
13.54110 95
13.78820 101
14.03529 103
14.28239 97
14.52949 92
14.77659 88
15.02369 96
15.27079 87
15.51789 118
15.76499 93
16.01208 112
16.25918 87
16.50628 111
16.75338 95
17.00048 104
17.24758 117
17.49468 106
17.74178 121
17.98887 124
18.23597 133
18.48307 160
18.73017 128
18.97727 158
19.22437 179
19.47147 180
19.71857 206
19.96566 226
20.21276 234
20.45986 262
20.70696 281
20.95406 339
21.20116 345
21.44826 409
21.69535 455
21.94245 494
22.18955 572
22.43665 688
22.68375 765
22.93085 885
23.17795 1007
23.42505 1136
23.67214 1259
23.91924 1553
24.16634 1711
24.41344 1934
24.66054 2118
24.90764 2362
25.15474 2594
25.40184 2897
25.64893 3076
25.89603 3406
26.14313 3561
26.39023 3760
26.63733 4043
26.88443 4101
27.13153 4159
27.37863 4143
27.62572 3993
27.87282 4014
28.11992 3781
28.36702 3698
28.61412 3444
28.86122 3244
29.10832 2986
29.35541 2784
29.60251 2572
29.84961 2352
30.09671 2045
30.34381 1837
30.59091 1761
30.83801 1606
31.08511 1428
31.33220 1378
31.57930 1320
31.82640 1218
32.07350 1110
32.32060 1042
32.56770 994
32.81480 967
33.06190 852
33.30899 731
33.55609 758
33.80319 682
34.05029 642
34.29739 589
34.54449 482
34.79159 478
35.03869 390
35.28578 351
35.53288 304
35.77998 281
36.02708 250
36.27418 243
36.52128 196
36.76838 176
37.01548 144
37.26257 142
37.50967 144
37.75677 145
38.00387 128
38.25097 123
38.49807 152
38.74517 111
38.99226 121
39.23936 123
39.48646 95
39.73356 129
39.98066 113
40.22776 110
40.47486 118
40.72196 137
40.96905 114
41.21615 116
41.46325 116
41.71035 126
41.95745 117
42.20455 129
42.45165 142
42.69875 139
42.94584 135
43.19294 159
43.44004 184
43.68714 151
43.93424 173
44.18134 152
44.42844 178
44.67554 176
44.92263 165
45.16973 200
45.41683 170
45.66393 217
45.91103 228
46.15813 198
46.40523 220
46.65232 246
46.89942 238
47.14652 240
47.39362 233
47.64072 260
47.88782 237
48.13492 270
48.38202 241
48.62911 277
48.87621 275
49.12331 276
49.37041 293
49.61751 322
49.86461 312
50.11171 337
50.35881 308
50.60590 306
50.85300 340
51.10010 297
51.34720 316
51.59430 309
51.84140 331
52.08850 327
52.33560 295
52.58269 293
52.82979 302
53.07689 311
53.32399 278
53.57109 307
53.81819 294
54.06529 279
54.31239 291
54.55948 246
54.80658 273
55.05368 210
55.30078 212
55.54788 234
55.79498 244
56.04208 205
56.28917 221
56.53627 221
56.78337 198
57.03047 208
57.27757 189
57.52467 193
57.77177 187
58.01887 232
58.26596 215
58.51306 206
58.76016 209
59.00726 222
59.25436 216
59.50146 232
59.74856 224
59.99566 228
60.24275 222
60.48985 236
60.73695 237
60.98405 278
61.23115 253
61.47825 272
61.72535 265
61.97245 259
62.21954 283
62.46664 288
62.71374 250
62.96084 288
63.20794 280
63.45504 286
63.70214 277
63.94923 307
64.19633 325
64.44343 308
64.69053 299
64.93763 288
65.18473 331
65.43183 311
65.67893 298
65.92602 323
66.17312 321
66.42022 288
66.66732 308
66.91442 274
67.16152 336
67.40862 302
67.65572 291
67.90281 307
68.14991 279
68.39701 283
68.64411 307
68.89121 287
69.13831 296
69.38541 250
69.63251 292
69.87960 296
70.12670 333
70.37380 317
70.62090 308
70.86800 311
71.11510 321
71.36220 325
71.60930 340
71.85639 343
72.10349 350
72.35059 364
72.59769 395
72.84479 382
73.09189 376
73.33899 399
73.58608 409
73.83318 418
74.08028 466
74.32738 472
74.57448 524
74.82158 538
75.06868 520
75.31578 531
75.56287 566
75.80997 641
76.05707 610
76.30417 595
76.55127 702
76.79837 707
77.04547 731
77.29257 754
77.53966 805
77.78676 869
78.03386 944
78.28096 974
78.52806 1015
78.77516 1053
79.02226 1083
79.26936 1095
79.51645 1144
79.76355 1272
80.01065 1216
80.25775 1316
80.50485 1351
80.75195 1429
80.99905 1535
81.24614 1511
81.49324 1622
81.74034 1650
81.98744 1680
82.23454 1714
82.48164 1729
82.72874 1754
82.97584 1728
83.22293 1816
83.47003 1830
83.71713 1796
83.96423 1774
84.21133 1785
84.45843 1666
84.70553 1747
84.95263 1620
85.19972 1641
85.44682 1590
85.69392 1592
85.94102 1491
86.18812 1405
86.43522 1306
86.68232 1300
86.92942 1181
87.17651 1071
87.42361 1014
87.67071 984
87.91781 902
88.16491 867
88.41201 824
88.65911 740
88.90621 674
89.15330 622
89.40040 538
89.64750 485
89.89460 481
90.14170 430
90.38880 357
90.63590 356
90.88299 335
91.13009 298
91.37719 249
91.62429 242
91.87139 234
92.11849 209
92.36559 201
92.61269 164
92.85978 169
93.10688 151
93.35398 138
93.60108 144
93.84818 148
94.09528 154
94.34238 148
94.58948 118
94.83657 126
95.08367 113
95.33077 132
95.57787 113
95.82497 120
96.07207 135
96.31917 113
96.56627 114
96.81336 105
97.06046 119
97.30756 105
97.55466 118
97.80176 117
98.04886 112
98.29596 116
98.54305 108
98.79015 95
99.03725 119
99.28435 122
99.53145 122
99.77855 118
100.02565 130
100.27275 106
100.51984 121
100.76694 92
101.01404 116
101.26114 133
101.50824 143
101.75534 112
102.00244 116
102.24954 121
102.49663 119
102.74373 110
102.99083 118
103.23793 113
103.48503 123
103.73213 129
103.97923 155
104.22633 124
104.47342 116
104.72052 121
104.96762 120
105.21472 134
105.46182 127
105.70892 133
105.95602 109
106.20312 148
106.45021 108
106.69731 122
106.94441 138
107.19151 131
107.43861 119
107.68571 130
107.93281 124
108.17990 112
108.42700 134
108.67410 133
108.92120 112
109.16830 140
109.41540 130
109.66250 130
109.90960 123
110.15669 129
110.40379 149
110.65089 159
110.89799 144
111.14509 142
111.39219 160
111.63929 146
111.88639 150
112.13348 160
112.38058 164
112.62768 151
112.87478 154
113.12188 166
113.36898 171
113.61608 174
113.86318 203
114.11027 174
114.35737 200
114.60447 173
114.85157 204
115.09867 188
115.34577 199
115.59287 164
115.83996 199
116.08706 214
116.33416 205
116.58126 227
116.82836 202
117.07546 208
117.32256 203
117.56966 203
117.81675 208
118.06385 237
118.31095 220
118.55805 220
118.80515 227
119.05225 229
119.29935 230
119.54645 267
119.79354 205
120.04064 231
120.28774 215
120.53484 237
120.78194 215
121.02904 233
121.27614 236
121.52324 208
121.77033 205
122.01743 210
122.26453 212
122.51163 202
122.75873 179
123.00583 226
123.25293 219
123.50003 204
123.74712 190
123.99422 173
124.24132 191
124.48842 175
124.73552 190
124.98262 171
125.22972 172
125.47681 167
125.72391 149
125.97101 175
126.21811 144
126.46521 140
126.71231 124
126.95941 147
127.20651 164
127.45360 147
127.70070 124
127.94780 153
128.19490 138
128.44200 121
128.68910 122
128.93620 120
129.18330 121
129.43039 120
129.67749 110
129.92459 114
130.17169 103
130.41879 114
130.66589 119
130.91299 111
131.16009 123
131.40718 117
131.65428 118
131.90138 113
132.14848 121
132.39558 112
132.64268 101
132.88978 100
133.13687 114
133.38397 123
133.63107 108
133.87817 126
134.12527 138
134.37237 122
134.61947 113
134.86657 117
135.11366 111
135.36076 106
135.60786 112
135.85496 124
136.10206 100
136.34916 88
136.59626 116
136.84336 98
137.09045 99
137.33755 116
137.58465 105
137.83175 119
138.07885 104
138.32595 117
138.57305 110
138.82015 124
139.06724 114
139.31434 110
139.56144 120
139.80854 118
140.05564 111
140.30274 122
140.54984 113
140.79694 106
141.04403 111
141.29113 108
141.53823 123
141.78533 101
142.03243 127
142.27953 106
142.52663 127
142.77372 114
143.02082 129
143.26792 117
143.51502 120
143.76212 129
144.00922 126
144.25632 129
144.50342 120
144.75051 119
144.99761 122
145.24471 124
145.49181 124
145.73891 122
145.98601 120
146.23311 104
146.48021 135
146.72730 134
146.97440 124
147.22150 130
147.46860 147
147.71570 105
147.96280 121
148.20990 129
148.45700 141
148.70409 122
148.95119 109
149.19829 125
149.44539 116
149.69249 140
149.93959 147
150.18669 111
150.43378 134
150.68088 150
150.92798 124
151.17508 119
151.42218 126
151.66928 134
151.91638 123
152.16348 119
152.41057 119
152.65767 124
152.90477 132
153.15187 136
153.39897 139
153.64607 127
153.89317 141
154.14027 113
154.38736 145
154.63446 132
154.88156 125
155.12866 137
155.37576 126
155.62286 115
155.86996 146
156.11706 158
156.36415 140
156.61125 122
156.85835 145
157.10545 123
157.35255 135
157.59965 134
157.84675 155
158.09385 117
158.34094 132
158.58804 141
158.83514 130
159.08224 139
159.32934 135
159.57644 129
159.82354 143
160.07063 145
160.31773 156
160.56483 131
160.81193 139
161.05903 145
161.30613 143
161.55323 146
161.80033 158
162.04742 152
162.29452 141
162.54162 142
162.78872 158
163.03582 152
163.28292 137
163.53002 126
163.77712 137
164.02421 152
164.27131 138
164.51841 124
164.76551 165
165.01261 143
165.25971 159
165.50681 138
165.75391 127
166.00100 143
166.24810 127
166.49520 136
166.74230 138
166.98940 113
167.23650 133
167.48360 130
167.73069 159
167.97779 118
168.22489 138
168.47199 150
168.71909 118
168.96619 116
169.21329 118
169.46039 125
169.70748 99
169.95458 119
170.20168 116
170.44878 125
170.69588 111
170.94298 136
171.19008 134
171.43718 110
171.68427 141
171.93137 115
172.17847 134
172.42557 129
172.67267 128
172.91977 123
173.16687 110
173.41397 119
173.66106 126
173.90816 125
174.15526 130
174.40236 121
174.64946 120
174.89656 117
175.14366 131
175.39076 116
175.63785 96
175.88495 88
176.13205 118
176.37915 119
176.62625 128
176.87335 126
177.12045 110
177.36754 116
177.61464 95
177.86174 112
178.10884 122
178.35594 114
178.60304 113
178.85014 106
179.09724 110
179.34433 129
179.59143 116
179.83853 122
180.08563 106
180.33273 103
180.57983 104
180.82693 123
181.07403 108
181.32112 98
181.56822 99
181.81532 97
182.06242 111
182.30952 108
182.55662 91
182.80372 112
183.05082 112
183.29791 103
183.54501 123
183.79211 114
184.03921 77
184.28631 100
184.53341 91
184.78051 111
185.02760 98
185.27470 107
185.52180 105
185.76890 92
186.01600 108
186.26310 114
186.51020 94
186.75730 101
187.00439 99
187.25149 103
187.49859 116
187.74569 102
187.99279 112
188.23989 121
188.48699 92
188.73409 93
188.98118 96
189.22828 105
189.47538 109
189.72248 92
189.96958 89
190.21668 88
190.46378 85
190.71088 101
190.95797 94
191.20507 110
191.45217 80
191.69927 109
191.94637 90
192.19347 102
192.44057 86
192.68767 99
192.93476 103
193.18186 105
193.42896 110
193.67606 107
193.92316 102
194.17026 95
194.41736 110
194.66445 100
194.91155 92
195.15865 88
195.40575 90
195.65285 105
195.89995 114
196.14705 109
196.39415 81
196.64124 101
196.88834 93
197.13544 88
197.38254 92
197.62964 117
197.87674 98
198.12384 101
198.37094 83
198.61803 101
198.86513 90
199.11223 77
199.35933 89
199.60643 98
199.85353 88
200.10063 104
200.34773 103
200.59482 92
200.84192 78
201.08902 75
201.33612 89
201.58322 102
201.83032 90
202.07742 95
202.32451 96
202.57161 84
202.81871 88
203.06581 76
203.31291 93
203.56001 94
203.80711 86
204.05421 84
204.30130 79
204.54840 77
204.79550 87
205.04260 97
205.28970 91
205.53680 93
205.78390 66
206.03100 90
206.27809 93
206.52519 87
206.77229 85
207.01939 76
207.26649 97
207.51359 90
207.76069 79
208.00779 70
208.25488 81
208.50198 65
208.74908 65
208.99618 75
209.24328 80
209.49038 77
209.73748 80
209.98458 67
210.23167 82
210.47877 85
210.72587 67
210.97297 68
211.22007 81
211.46717 75
211.71427 66
211.96136 77
212.20846 86
212.45556 66
212.70266 63
212.94976 77
213.19686 81
213.44396 78
213.69106 70
213.93815 77
214.18525 74
214.43235 74
214.67945 75
214.92655 60
215.17365 69
215.42075 86
215.66785 73
215.91494 84
216.16204 78
216.40914 72
216.65624 74
216.90334 87
217.15044 76
217.39754 66
217.64464 79
217.89173 77
218.13883 73
218.38593 83
218.63303 56
218.88013 66
219.12723 71
219.37433 73
219.62142 69
219.86852 87
220.11562 92
220.36272 63
220.60982 73
220.85692 72
221.10402 57
221.35112 79
221.59821 54
221.84531 82
222.09241 79
222.33951 79
222.58661 80
222.83371 75
223.08081 75
223.32791 76
223.57500 79
223.82210 76
224.06920 65
224.31630 80
224.56340 73
224.81050 69
225.05760 72
225.30470 75
225.55179 72
225.79889 70
226.04599 65
226.29309 73
226.54019 52
226.78729 63
227.03439 74
227.28149 69
227.52858 66
227.77568 66
228.02278 68
228.26988 86
228.51698 87
228.76408 55
229.01118 70
229.25827 56
229.50537 75
229.75247 58
229.99957 73
230.24667 59
230.49377 69
230.74087 73
230.98797 67
231.23506 67
231.48216 70
231.72926 59
231.97636 57
232.22346 65
232.47056 68
232.71766 84
232.96476 85
233.21185 66
233.45895 65
233.70605 72
233.95315 69
234.20025 62
234.44735 71
234.69445 62
234.94155 60
235.18864 57
235.43574 78
235.68284 62
235.92994 68
236.17704 70
236.42414 54
236.67124 62
236.91833 64
237.16543 74
237.41253 90
237.65963 73
237.90673 78
238.15383 56
238.40093 65
238.64803 70
238.89512 66
239.14222 62
239.38932 50
239.63642 51
239.88352 62
240.13062 65
240.37772 65
240.62482 44
240.87191 57
241.11901 59
241.36611 65
241.61321 61
241.86031 70
242.10741 58
242.35451 65
242.60161 54
242.84870 59
243.09580 69
243.34290 56
243.59000 50
243.83710 39
244.08420 57
244.33130 64
244.57840 63
244.82549 48
245.07259 53
245.31969 62
245.56679 69
245.81389 70
246.06099 64
246.30809 62
246.55518 45
246.80228 66
247.04938 56
247.29648 48
247.54358 53
247.79068 53
248.03778 51
248.28488 55
248.53197 53
248.77907 64
249.02617 62
249.27327 55
249.52037 57
249.76747 65
250.01457 54
250.26167 53
250.50876 57
250.75586 66
251.00296 65
251.25006 58
251.49716 53
251.74426 58
251.99136 50
252.23846 56
252.48555 52
252.73265 57
252.97975 47
253.22685 60
253.47395 49
253.72105 51
253.96815 63
254.21524 51
254.46234 54
254.70944 60
254.95654 59
255.20364 55
255.45074 49
255.69784 57
255.94494 57
256.19203 48
256.43913 61
256.68623 59
256.93333 69
257.18043 60
257.42753 69
257.67463 54
257.92173 64
258.16882 62
258.41592 62
258.66302 59
258.91012 66
259.15722 72
259.40432 73
259.65142 76
259.89852 65
260.14561 78
260.39271 76
260.63981 80
260.88691 58
261.13401 64
261.38111 56
261.62821 74
261.87531 59
262.12240 73
262.36950 72
262.61660 81
262.86370 73
263.11080 77
263.35790 68
263.60500 71
263.85209 82
264.09919 67
264.34629 82
264.59339 86
264.84049 61
265.08759 79
265.33469 65
265.58179 66
265.82888 79
266.07598 96
266.32308 82
266.57018 93
266.81728 108
267.06438 90
267.31148 97
267.55858 100
267.80567 87
268.05277 89
268.29987 92
268.54697 89
268.79407 104
269.04117 94
269.28827 90
269.53537 99
269.78246 95
270.02956 102
270.27666 119
270.52376 94
270.77086 99
271.01796 100
271.26506 107
271.51215 104
271.75925 95
272.00635 91
272.25345 131
272.50055 117
272.74765 114
272.99475 122
273.24185 113
273.48894 130
273.73604 115
273.98314 114
274.23024 117
274.47734 117
274.72444 110
274.97154 116
275.21864 116
275.46573 132
275.71283 106
275.95993 127
276.20703 121
276.45413 144
276.70123 115
276.94833 133
277.19543 113
277.44252 123
277.68962 113
277.93672 145
278.18382 121
278.43092 130
278.67802 128
278.92512 126
279.17222 135
279.41931 104
279.66641 123
279.91351 144
280.16061 140
280.40771 122
280.65481 133
280.90191 139
281.14900 111
281.39610 127
281.64320 133
281.89030 137
282.13740 128
282.38450 123
282.63160 126
282.87870 134
283.12579 129
283.37289 134
283.61999 118
283.86709 150
284.11419 140
284.36129 121
284.60839 139
284.85549 133
285.10258 125
285.34968 135
285.59678 135
285.84388 131
286.09098 141
286.33808 146
286.58518 171
286.83228 127
287.07937 149
287.32647 148
287.57357 123
287.82067 135
288.06777 145
288.31487 138
288.56197 147
288.80906 151
289.05616 154
289.30326 137
289.55036 151
289.79746 151
290.04456 114
290.29166 163
290.53876 141
290.78585 140
291.03295 161
291.28005 160
291.52715 148
291.77425 152
292.02135 143
292.26845 181
292.51555 153
292.76264 155
293.00974 169
293.25684 188
293.50394 172
293.75104 167
293.99814 171
294.24524 179
294.49234 177
294.73943 178
294.98653 206
295.23363 186
295.48073 188
295.72783 180
295.97493 188
296.22203 177
296.46913 188
296.71622 189
296.96332 197
297.21042 173
297.45752 198
297.70462 183
297.95172 208
298.19882 179
298.44591 194
298.69301 219
298.94011 225
299.18721 222
299.43431 212
299.68141 203
299.92851 198
300.17561 231
300.42270 202
300.66980 207
300.91690 194
301.16400 217
301.41110 223
301.65820 227
301.90530 201
302.15240 215
302.39949 223
302.64659 227
302.89369 224
303.14079 223
303.38789 228
303.63499 264
303.88209 248
304.12919 215
304.37628 222
304.62338 216
304.87048 231
305.11758 229
305.36468 224
305.61178 196
305.85888 217
306.10597 199
306.35307 223
306.60017 213
306.84727 222
307.09437 233
307.34147 222
307.58857 222
307.83567 210
308.08276 244
308.32986 218
308.57696 234
308.82406 232
309.07116 223
309.31826 219
309.56536 191
309.81246 218
310.05955 237
310.30665 197
310.55375 217
310.80085 214
311.04795 219
311.29505 205
311.54215 189
311.78925 207
312.03634 211
312.28344 219
312.53054 185
312.77764 211
313.02474 194
313.27184 195
313.51894 186
313.76604 212
314.01313 202
314.26023 177
314.50733 176
314.75443 170
315.00153 175
315.24863 203
315.49573 158
315.74282 205
315.98992 176
316.23702 177
316.48412 169
316.73122 179
316.97832 175
317.22542 166
317.47252 179
317.71961 177
317.96671 155
318.21381 144
318.46091 150
318.70801 154
318.95511 123
319.20221 146
319.44931 155
319.69640 138
319.94350 135
320.19060 130
320.43770 142
320.68480 135
320.93190 134
321.17900 120
321.42610 136
321.67319 111
321.92029 119
322.16739 117
322.41449 122
322.66159 116
322.90869 125
323.15579 119
323.40288 132
323.64998 108
323.89708 97
324.14418 112
324.39128 115
324.63838 110
324.88548 109
325.13258 104
325.37967 99
325.62677 104
325.87387 106
326.12097 105
326.36807 80
326.61517 93
326.86227 98
327.10937 108
327.35646 88
327.60356 99
327.85066 90
328.09776 100
328.34486 90
328.59196 106
328.83906 87
329.08616 97
329.33325 105
329.58035 121
329.82745 114
330.07455 95
330.32165 109
330.56875 110
330.81585 104
331.06295 109
331.31004 108
331.55714 121
331.80424 112
332.05134 89
332.29844 127
332.54554 134
332.79264 125
333.03973 124
333.28683 132
333.53393 127
333.78103 139
334.02813 143
334.27523 114
334.52233 132
334.76943 144
335.01652 144
335.26362 150
335.51072 159
335.75782 154
336.00492 171
336.25202 147
336.49912 167
336.74622 177
336.99331 188
337.24041 179
337.48751 173
337.73461 159
337.98171 201
338.22881 188
338.47591 195
338.72301 200
338.97010 197
339.21720 228
339.46430 225
339.71140 226
339.95850 235
340.20560 242
340.45270 237
340.69979 234
340.94689 260
341.19399 240
341.44109 253
341.68819 260
341.93529 290
342.18239 257
342.42949 286
342.67658 292
342.92368 297
343.17078 267
343.41788 267
343.66498 308
343.91208 279
344.15918 318
344.40628 338
344.65337 362
344.90047 334
345.14757 368
345.39467 339
345.64177 337
345.88887 366
346.13597 349
346.38307 374
346.63016 350
346.87726 331
347.12436 321
347.37146 364
347.61856 398
347.86566 405
348.11276 416
348.35986 365
348.60695 368
348.85405 422
349.10115 383
349.34825 379
349.59535 422
349.84245 417
350.08955 421
350.33664 424
350.58374 446
350.83084 435
351.07794 464
351.32504 431
351.57214 447
351.81924 496
352.06634 506
352.31343 457
352.56053 458
352.80763 457
353.05473 481
353.30183 461
353.54893 510
353.79603 468
354.04313 482
354.29022 485
354.53732 516
354.78442 471
355.03152 501
355.27862 506
355.52572 536
355.77282 495
356.01992 458
356.26701 512
356.51411 482
356.76121 581
357.00831 515
357.25541 543
357.50251 511
357.74961 491
357.99670 574
358.24380 519
358.49090 506
358.73800 543
358.98510 525
359.23220 499
359.47930 489
359.72640 525
359.97349 523
360.22059 510
360.46769 513
360.71479 538
360.96189 514
361.20899 564
361.45609 543
361.70319 526
361.95028 512
362.19738 554
362.44448 508
362.69158 499
362.93868 551
363.18578 525
363.43288 533
363.67998 514
363.92707 514
364.17417 499
364.42127 523
364.66837 488
364.91547 508
365.16257 526
365.40967 486
365.65677 493
365.90386 501
366.15096 463
366.39806 482
366.64516 453
366.89226 441
367.13936 451
367.38646 432
367.63355 430
367.88065 432
368.12775 463
368.37485 452
368.62195 419
368.86905 422
369.11615 431
369.36325 429
369.61034 422
369.85744 401
370.10454 436
370.35164 416
370.59874 351
370.84584 408
371.09294 387
371.34004 356
371.58713 371
371.83423 361
372.08133 368
372.32843 325
372.57553 370
372.82263 360
373.06973 381
373.31683 347
373.56392 356
373.81102 278
374.05812 330
374.30522 330
374.55232 293
374.79942 319
375.04652 324
375.29361 317
375.54071 273
375.78781 317
376.03491 307
376.28201 285
376.52911 284
376.77621 294
377.02331 295
377.27040 259
377.51750 238
377.76460 254
378.01170 256
378.25880 235
378.50590 233
378.75300 242
379.00010 265
379.24719 230
379.49429 261
379.74139 252
379.98849 235
380.23559 226
380.48269 211
380.72979 247
380.97689 232
381.22398 218
381.47108 213
381.71818 199
381.96528 216
382.21238 196
382.45948 210
382.70658 217
382.95368 170
383.20077 178
383.44787 200
383.69497 190
383.94207 184
384.18917 193
384.43627 192
384.68337 188
384.93046 180
385.17756 183
385.42466 204
385.67176 187
385.91886 183
386.16596 183
386.41306 175
386.66016 158
386.90725 165
387.15435 178
387.40145 186
387.64855 163
387.89565 167
388.14275 169
388.38985 179
388.63695 177
388.88404 167
389.13114 169
389.37824 174
389.62534 186
389.87244 179
390.11954 168
390.36664 185
390.61374 154
390.86083 162
391.10793 167
391.35503 172
391.60213 155
391.84923 143
392.09633 179
392.34343 145
392.59052 162
392.83762 155
393.08472 143
393.33182 160
393.57892 148
393.82602 167
394.07312 146
394.32022 144
394.56731 145
394.81441 150
395.06151 176
395.30861 145
395.55571 175
395.80281 144
396.04991 142
396.29701 139
396.54410 154
396.79120 137
397.03830 144
397.28540 124
397.53250 157
397.77960 152
398.02670 136
398.27380 126
398.52089 139
398.76799 126
399.01509 121
399.26219 122
399.50929 126
399.75639 152
400.00349 119
400.25059 133
400.49768 130
400.74478 147
400.99188 106
401.23898 138
401.48608 127
401.73318 127
401.98028 124
402.22737 119
402.47447 102
402.72157 129
402.96867 117
403.21577 114
403.46287 120
403.70997 103
403.95707 106
404.20416 120
404.45126 113
404.69836 101
404.94546 115
405.19256 106
405.43966 82
405.68676 90
405.93386 95
406.18095 93
406.42805 126
406.67515 115
406.92225 79
407.16935 88
407.41645 96
407.66355 90
407.91065 72
408.15774 106
408.40484 87
408.65194 77
408.89904 78
409.14614 94
409.39324 84
409.64034 78
409.88743 69
410.13453 82
410.38163 69
410.62873 66
410.87583 70
411.12293 90
411.37003 64
411.61713 75
411.86422 70
412.11132 63
412.35842 54
412.60552 66
412.85262 64
413.09972 63
413.34682 54
413.59392 56
413.84101 66
414.08811 54
414.33521 46
414.58231 49
414.82941 53
415.07651 57
415.32361 52
415.57071 52
415.81780 58
416.06490 55
416.31200 48
416.55910 47
416.80620 65
417.05330 61
417.30040 48
417.54750 45
417.79459 50
418.04169 46
418.28879 52
418.53589 49
418.78299 56
419.03009 40
419.27719 40
419.52428 47
419.77138 44
420.01848 55
420.26558 36
420.51268 31
420.75978 38
421.00688 37
421.25398 37
421.50107 25
421.74817 37
421.99527 35
422.24237 39
422.48947 39
422.73657 46
422.98367 35
423.23077 47
423.47786 41
423.72496 42
423.97206 36
424.21916 39
424.46626 33
424.71336 34
424.96046 31
425.20756 27
425.45465 40
425.70175 34
425.94885 37
426.19595 31
426.44305 38
426.69015 39
426.93725 43
427.18434 45
427.43144 35
427.67854 41
427.92564 31
428.17274 49
428.41984 37
428.66694 45
428.91404 33
429.16113 43
429.40823 31
429.65533 32
429.90243 42
430.14953 38
430.39663 54
430.64373 29
430.89083 40
431.13792 33
431.38502 46
431.63212 34
431.87922 45
432.12632 39
432.37342 37
432.62052 47
432.86762 41
433.11471 33
433.36181 34
433.60891 50
433.85601 37
434.10311 35
434.35021 43
434.59731 44
434.84441 41
435.09150 43
435.33860 47
435.58570 40
435.83280 30
436.07990 57
436.32700 41
436.57410 61
436.82119 51
437.06829 51
437.31539 48
437.56249 52
437.80959 50
438.05669 51
438.30379 44
438.55089 45
438.79798 42
439.04508 39
439.29218 58
439.53928 52
439.78638 43
440.03348 50
440.28058 45
440.52768 47
440.77477 42
441.02187 51
441.26897 55
441.51607 52
441.76317 60
442.01027 55
442.25737 49
442.50447 57
442.75156 57
442.99866 52
443.24576 56
443.49286 59
443.73996 50
443.98706 62
444.23416 55
444.48125 50
444.72835 62
444.97545 60
445.22255 51
445.46965 64
445.71675 52
445.96385 65
446.21095 51
446.45804 49
446.70514 59
446.95224 60
447.19934 69
447.44644 48
447.69354 54
447.94064 48
448.18774 63
448.43483 67
448.68193 46
448.92903 59
449.17613 68
449.42323 67
449.67033 67
449.91743 65
450.16453 59
450.41162 44
450.65872 49
450.90582 58
451.15292 56
451.40002 66
451.64712 58
451.89422 62
452.14132 55
452.38841 58
452.63551 60
452.88261 47
453.12971 46
453.37681 71
453.62391 59
453.87101 68
454.11810 72
454.36520 53
454.61230 49
454.85940 58
455.10650 65
455.35360 56
455.60070 43
455.84780 58
456.09489 50
456.34199 39
456.58909 63
456.83619 51
457.08329 49
457.33039 49
457.57749 56
457.82459 51
458.07168 48
458.31878 44
458.56588 33
458.81298 56
459.06008 35
459.30718 41
459.55428 40
459.80138 52
460.04847 44
460.29557 55
460.54267 42
460.78977 33
461.03687 55
461.28397 44
461.53107 52
461.77816 44
462.02526 51
462.27236 47
462.51946 41
462.76656 40
463.01366 35
463.26076 39
463.50786 32
463.75495 25
464.00205 38
464.24915 48
464.49625 33
464.74335 35
464.99045 34
465.23755 32
465.48465 24
465.73174 25
465.97884 38
466.22594 27
466.47304 31
466.72014 30
466.96724 28
467.21434 36
467.46144 35
467.70853 29
467.95563 31
468.20273 23
468.44983 33
468.69693 23
468.94403 25
469.19113 26
469.43823 30
469.68532 23
469.93242 23
470.17952 17
470.42662 25
470.67372 25
470.92082 21
471.16792 21
471.41501 19
471.66211 21
471.90921 21
472.15631 22
472.40341 23
472.65051 19
472.89761 23
473.14471 29
473.39180 20
473.63890 31
473.88600 17
474.13310 16
474.38020 21
474.62730 24
474.87440 19
475.12150 13
475.36859 17
475.61569 15
475.86279 19
476.10989 16
476.35699 13
476.60409 15
476.85119 15
477.09829 14
477.34538 17
477.59248 16
477.83958 11
478.08668 12
478.33378 16
478.58088 7
478.82798 18
479.07507 14
479.32217 5
479.56927 15
479.81637 10
480.06347 10
480.31057 11
480.55767 14
480.80477 11
481.05186 10
481.29896 14
481.54606 11
481.79316 6
482.04026 15
482.28736 7
482.53446 11
482.78156 7
483.02865 10
483.27575 7
483.52285 8
483.76995 15
484.01705 11
484.26415 7
484.51125 9
484.75835 14
485.00544 10
485.25254 6
485.49964 11
485.74674 8
485.99384 9
486.24094 10
486.48804 8
486.73514 8
486.98223 7
487.22933 7
487.47643 7
487.72353 8
487.97063 7
488.21773 9
488.46483 5
488.71192 8
488.95902 5
489.20612 9
489.45322 8
489.70032 5
489.94742 9
490.19452 6
490.44162 10
490.68871 9
490.93581 7
491.18291 6
491.43001 7
491.67711 7
491.92421 3
492.17131 5
492.41841 6
492.66550 12
492.91260 9
493.15970 8
493.40680 8
493.65390 8
493.90100 8
494.14810 7
494.39520 9
494.64229 9
494.88939 8
495.13649 6
495.38359 10
495.63069 4
495.87779 3
496.12489 8
496.37198 4
496.61908 4
496.86618 5
497.11328 8
497.36038 9
497.60748 4
497.85458 5
498.10168 4
498.34877 6
498.59587 6
498.84297 11
499.09007 3
499.33717 5
499.58427 10
499.83137 3
500.07847 7
500.32556 7
500.57266 7
500.81976 8
501.06686 9
501.31396 7
501.56106 3
501.80816 2
502.05526 3
502.30235 2
502.54945 6
502.79655 3
503.04365 7
503.29075 4
503.53785 2
503.78495 4
504.03205 9
504.27914 6
504.52624 6
504.77334 5
505.02044 4
505.26754 6
505.51464 6
505.76174 8
506.00883 7
506.25593 4
506.50303 5
506.75013 3
506.99723 3
507.24433 3
507.49143 5
507.73853 2
507.98562 6
508.23272 4
508.47982 4
508.72692 6
508.97402 4
509.22112 6
509.46822 7
509.71532 4
509.96241 4
510.20951 3
510.45661 6
510.70371 5
510.95081 5
511.19791 2
511.44501 3
511.69211 1
511.93920 7
512.18630 3
512.43340 6
512.68050 4
512.92760 4
513.17470 1
513.42180 2
513.66889 6
513.91599 2
514.16309 4
514.41019 3
514.65729 3
514.90439 3
515.15149 2
515.39859 7
515.64568 5
515.89278 6
516.13988 4
516.38698 4
516.63408 3
516.88118 2
517.12828 4
517.37538 2
517.62247 3
517.86957 1
518.11667 1
518.36377 2
518.61087 5
518.85797 4
519.10507 3
519.35217 5
519.59926 5
519.84636 3
520.09346 4
520.34056 3
520.58766 0
520.83476 3
521.08186 4
521.32896 1
521.57605 4
521.82315 1
522.07025 2
522.31735 1
522.56445 3
522.81155 1
523.05865 3
523.30574 5
523.55284 3
523.79994 4
524.04704 2
524.29414 3
524.54124 2
524.78834 4
525.03544 1
525.28253 0
525.52963 2
525.77673 0
526.02383 4
526.27093 3
526.51803 1
526.76513 2
527.01223 2
527.25932 4
527.50642 4
527.75352 3
528.00062 4
528.24772 3
528.49482 2
528.74192 3
528.98902 0
529.23611 4
529.48321 1
529.73031 1
529.97741 2
530.22451 1
530.47161 2
530.71871 3
530.96580 3
531.21290 2
531.46000 5
531.70710 2
531.95420 1
532.20130 1
532.44840 2
532.69550 5
532.94259 2
533.18969 3
533.43679 1
533.68389 0
533.93099 4
534.17809 2
534.42519 3
534.67229 5
534.91938 3
535.16648 2
535.41358 4
535.66068 0
535.90778 1
536.15488 4
536.40198 6
536.64908 6
536.89617 2
537.14327 5
537.39037 5
537.63747 4
537.88457 0
538.13167 4
538.37877 3
538.62587 2
538.87296 1
539.12006 1
539.36716 3
539.61426 3
539.86136 3
540.10846 2
540.35556 3
540.60265 1
540.84975 7
541.09685 3
541.34395 4
541.59105 1
541.83815 2
542.08525 4
542.33235 4
542.57944 1
542.82654 2
543.07364 5
543.32074 4
543.56784 1
543.81494 6
544.06204 2
544.30914 2
544.55623 4
544.80333 3
545.05043 3
545.29753 1
545.54463 4
545.79173 2
546.03883 3
546.28593 2
546.53302 2
546.78012 3
547.02722 1
547.27432 2
547.52142 3
547.76852 4
548.01562 6
548.26271 2
548.50981 2
548.75691 4
549.00401 2
549.25111 0
549.49821 1
549.74531 2
549.99241 1
550.23950 4
550.48660 1
550.73370 3
550.98080 2
551.22790 4
551.47500 3
551.72210 3
551.96920 3
552.21629 2
552.46339 1
552.71049 4
552.95759 2
553.20469 0
553.45179 1
553.69889 3
553.94599 3
554.19308 3
554.44018 3
554.68728 4
554.93438 0
555.18148 4
555.42858 6
555.67568 2
555.92278 1
556.16987 2
556.41697 2
556.66407 4
556.91117 1
557.15827 0
557.40537 3
557.65247 3
557.89956 7
558.14666 3
558.39376 3
558.64086 5
558.88796 3
559.13506 1
559.38216 3
559.62926 0
559.87635 2
560.12345 0
560.37055 1
560.61765 1
560.86475 2
561.11185 0
561.35895 5
561.60605 3
561.85314 1
562.10024 0
562.34734 1
562.59444 4
562.84154 3
563.08864 8
563.33574 2
563.58284 2
563.82993 2
564.07703 3
564.32413 2
564.57123 5
564.81833 1
565.06543 4
565.31253 6
565.55962 5
565.80672 4
566.05382 3
566.30092 3
566.54802 4
566.79512 2
567.04222 2
567.28932 5
567.53641 1
567.78351 4
568.03061 1
568.27771 4
568.52481 1
568.77191 4
569.01901 3
569.26611 1
569.51320 1
569.76030 1
570.00740 1
570.25450 1
570.50160 3
570.74870 4
570.99580 4
571.24290 5
571.48999 4
571.73709 0
571.98419 4
572.23129 1
572.47839 4
572.72549 4
572.97259 3
573.21969 4
573.46678 1
573.71388 4
573.96098 1
574.20808 2
574.45518 1
574.70228 2
574.94938 4
575.19647 3
575.44357 0
575.69067 0
575.93777 1
576.18487 3
576.43197 1
576.67907 3
576.92617 5
577.17326 5
577.42036 4
577.66746 2
577.91456 0
578.16166 2
578.40876 3
578.65586 2
578.90296 2
579.15005 2
579.39715 3
579.64425 1
579.89135 6
580.13845 2
580.38555 1
580.63265 3
580.87975 5
581.12684 1
581.37394 5
581.62104 4
581.86814 4
582.11524 0
582.36234 4
582.60944 5
582.85653 1
583.10363 2
583.35073 2
583.59783 1
583.84493 3
584.09203 1
584.33913 3
584.58623 2
584.83332 0
585.08042 3
585.32752 4
585.57462 4
585.82172 2
586.06882 2
586.31592 4
586.56302 3
586.81011 3
587.05721 4
587.30431 3
587.55141 6
587.79851 2
588.04561 1
588.29271 5
588.53981 6
588.78690 4
589.03400 2
589.28110 1
589.52820 1
589.77530 2
590.02240 2
590.26950 4
590.51660 6
590.76369 1
591.01079 2
591.25789 3
591.50499 1
591.75209 3
591.99919 4
592.24629 2
592.49338 3
592.74048 2
592.98758 1
593.23468 2
593.48178 2
593.72888 1
593.97598 3
594.22308 0
594.47017 0
594.71727 1
594.96437 3
595.21147 5
595.45857 5
595.70567 2
595.95277 3
596.19987 5
596.44696 2
596.69406 4
596.94116 1
597.18826 3
597.43536 4
597.68246 3
597.92956 0
598.17666 2
598.42375 3
598.67085 1
598.91795 4
599.16505 3
599.41215 1
599.65925 2
599.90635 2
600.15344 3
600.40054 2
600.64764 2
600.89474 7
601.14184 4
601.38894 0
601.63604 1
601.88314 2
602.13023 3
602.37733 2
602.62443 3
602.87153 1
603.11863 1
603.36573 1
603.61283 6
603.85993 3
604.10702 2
604.35412 3
604.60122 5
604.84832 0
605.09542 2
605.34252 2
605.58962 4
605.83672 4
606.08381 2
606.33091 2
606.57801 2
606.82511 4
607.07221 2
607.31931 0
607.56641 3
607.81351 3
608.06060 3
608.30770 1
608.55480 1
608.80190 4
609.04900 1
609.29610 2
609.54320 4
609.79029 2
610.03739 4
610.28449 3
610.53159 1
610.77869 1
611.02579 5
611.27289 1
611.51999 1
611.76708 3
612.01418 1
612.26128 2
612.50838 0
612.75548 2
613.00258 4
613.24968 3
613.49678 1
613.74387 1
613.99097 1
614.23807 0
614.48517 5
614.73227 0
614.97937 3
615.22647 3
615.47357 4
615.72066 0
615.96776 5
616.21486 1
616.46196 5
616.70906 9
616.95616 3
617.20326 1
617.45035 4
617.69745 3
617.94455 6
618.19165 4
618.43875 3
618.68585 3
618.93295 3
619.18005 1
619.42714 2
619.67424 3
619.92134 1
620.16844 1
620.41554 2
620.66264 1
620.90974 0
621.15684 4
621.40393 3
621.65103 2
621.89813 3
622.14523 0
622.39233 3
622.63943 0
622.88653 2
623.13363 4
623.38072 1
623.62782 1
623.87492 3
624.12202 1
624.36912 3
624.61622 0
624.86332 3
625.11042 0
625.35751 3
625.60461 0
625.85171 2
626.09881 3
626.34591 5
626.59301 1
626.84011 2
627.08720 4
627.33430 1
627.58140 3
627.82850 2
628.07560 4
628.32270 1
628.56980 0
628.81690 1
629.06399 2
629.31109 1
629.55819 4
629.80529 3
630.05239 1
630.29949 2
630.54659 1
630.79369 2
631.04078 3
631.28788 3
631.53498 1
631.78208 2
632.02918 0
632.27628 1
632.52338 5
632.77048 1
633.01757 1
633.26467 0
633.51177 1
633.75887 4
634.00597 2
634.25307 0
634.50017 0
634.74726 7
634.99436 2
635.24146 0
635.48856 4
635.73566 1
635.98276 1
636.22986 4
636.47696 2
636.72405 1
636.97115 2
637.21825 3
637.46535 2
637.71245 1
637.95955 4
638.20665 1
638.45375 2
638.70084 1
638.94794 0
639.19504 3
639.44214 4
639.68924 2
639.93634 4
640.18344 2
640.43054 1
640.67763 1
640.92473 5
641.17183 3
641.41893 1
641.66603 4
641.91313 0
642.16023 2
642.40733 2
642.65442 1
642.90152 1
643.14862 4
643.39572 3
643.64282 0
643.88992 4
644.13702 0
644.38411 5
644.63121 0
644.87831 2
645.12541 2
645.37251 1
645.61961 0
645.86671 1
646.11381 3
646.36090 1
646.60800 0
646.85510 3
647.10220 2
647.34930 1
647.59640 4
647.84350 2
648.09060 0
648.33769 0
648.58479 1
648.83189 3
649.07899 3
649.32609 2
649.57319 2
649.82029 4
650.06739 2
650.31448 2
650.56158 1
650.80868 1
651.05578 0
651.30288 2
651.54998 2
651.79708 2
652.04417 1
652.29127 0
652.53837 5
652.78547 0
653.03257 2
653.27967 1
653.52677 2
653.77387 1
654.02096 2
654.26806 4
654.51516 2
654.76226 0
655.00936 2
655.25646 2
655.50356 3
655.75066 3
655.99775 2
656.24485 1
656.49195 2
656.73905 0
656.98615 0
657.23325 2
657.48035 1
657.72745 2
657.97454 2
658.22164 3
658.46874 1
658.71584 5
658.96294 2
659.21004 3
659.45714 3
659.70424 2
659.95133 2
660.19843 2
660.44553 2
660.69263 3
660.93973 3
661.18683 1
661.43393 3
661.68102 1
661.92812 1
662.17522 1
662.42232 0
662.66942 0
662.91652 1
663.16362 2
663.41072 2
663.65781 0
663.90491 3
664.15201 3
664.39911 3
664.64621 2
664.89331 2
665.14041 2
665.38751 1
665.63460 4
665.88170 1
666.12880 0
666.37590 4
666.62300 2
666.87010 1
667.11720 3
667.36430 1
667.61139 3
667.85849 1
668.10559 3
668.35269 0
668.59979 1
668.84689 2
669.09399 1
669.34108 1
669.58818 0
669.83528 3
670.08238 3
670.32948 0
670.57658 2
670.82368 1
671.07078 2
671.31787 3
671.56497 2
671.81207 6
672.05917 1
672.30627 1
672.55337 0
672.80047 3
673.04757 0
673.29466 2
673.54176 2
673.78886 2
674.03596 1
674.28306 1
674.53016 1
674.77726 0
675.02436 3
675.27145 1
675.51855 0
675.76565 3
676.01275 0
676.25985 1
676.50695 2
676.75405 2
677.00115 1
677.24824 1
677.49534 2
677.74244 2
677.98954 2
678.23664 2
678.48374 2
678.73084 3
678.97793 2
679.22503 1
679.47213 2
679.71923 5
679.96633 0
680.21343 1
680.46053 2
680.70763 0
680.95472 1
681.20182 2
681.44892 2
681.69602 1
681.94312 2
682.19022 2
682.43732 0
682.68442 1
682.93151 1
683.17861 2
683.42571 3
683.67281 1
683.91991 0
684.16701 2
684.41411 1
684.66121 1
684.90830 0
685.15540 1
685.40250 3
685.64960 2
685.89670 0
686.14380 0
686.39090 3
686.63799 4
686.88509 2
687.13219 2
687.37929 3
687.62639 0
687.87349 1
688.12059 1
688.36769 1
688.61478 2
688.86188 4
689.10898 5
689.35608 0
689.60318 4
689.85028 3
690.09738 2
690.34448 2
690.59157 2
690.83867 0
691.08577 6
691.33287 1
691.57997 5
691.82707 2
692.07417 0
692.32127 0
692.56836 1
692.81546 1
693.06256 2
693.30966 2
693.55676 0
693.80386 0
694.05096 1
694.29806 1
694.54515 1
694.79225 3
695.03935 2
695.28645 6
695.53355 1
695.78065 1
696.02775 2
696.27484 3
696.52194 0
696.76904 2
697.01614 1
697.26324 3
697.51034 0
697.75744 1
698.00454 0
698.25163 1
698.49873 1
698.74583 0
698.99293 2
699.24003 4
699.48713 1
699.73423 2
699.98133 0
700.22842 3
700.47552 1
700.72262 2
700.96972 1
701.21682 4
701.46392 0
701.71102 0
701.95812 0
702.20521 1
702.45231 1
702.69941 5
702.94651 1
703.19361 1
703.44071 2
703.68781 1
703.93490 0
704.18200 2
704.42910 2
704.67620 1
704.92330 4
705.17040 0
705.41750 4
705.66460 3
705.91169 4
706.15879 2
706.40589 0
706.65299 1
706.90009 0
707.14719 3
707.39429 3
707.64139 2
707.88848 0
708.13558 3
708.38268 3
708.62978 3
708.87688 2
709.12398 0
709.37108 3
709.61818 3
709.86527 1
710.11237 4
710.35947 0
710.60657 4
710.85367 4
711.10077 3
711.34787 3
711.59497 1
711.84206 2
712.08916 1
712.33626 0
712.58336 2
712.83046 0
713.07756 2
713.32466 1
713.57175 1
713.81885 0
714.06595 3
714.31305 2
714.56015 3
714.80725 1
715.05435 0
715.30145 2
715.54854 1
715.79564 0
716.04274 0
716.28984 1
716.53694 1
716.78404 2
717.03114 3
717.27824 3
717.52533 0
717.77243 2
718.01953 1
718.26663 3
718.51373 2
718.76083 1
719.00793 3
719.25503 0
719.50212 1
719.74922 0
719.99632 3
720.24342 3
720.49052 0
720.73762 3
720.98472 2
721.23181 4
721.47891 2
721.72601 0
721.97311 3
722.22021 1
722.46731 0
722.71441 2
722.96151 0
723.20860 1
723.45570 1
723.70280 2
723.94990 1
724.19700 0
724.44410 0
724.69120 0
724.93830 0
725.18539 1
725.43249 2
725.67959 0
725.92669 3
726.17379 0
726.42089 0
726.66799 2
726.91509 1
727.16218 1
727.40928 1
727.65638 0
727.90348 2
728.15058 2
728.39768 2
728.64478 2
728.89188 2
729.13897 1
729.38607 3
729.63317 0
729.88027 2
730.12737 1
730.37447 1
730.62157 1
730.86866 3
731.11576 0
731.36286 0
731.60996 3
731.85706 2
732.10416 3
732.35126 1
732.59836 4
732.84545 2
733.09255 0
733.33965 1
733.58675 2
733.83385 3
734.08095 3
734.32805 0
734.57515 1
734.82224 2
735.06934 1
735.31644 2
735.56354 3
735.81064 2
736.05774 2
736.30484 1
736.55194 1
736.79903 1
737.04613 0
737.29323 1
737.54033 0
737.78743 1
738.03453 0
738.28163 1
738.52872 1
738.77582 4
739.02292 0
739.27002 3
739.51712 1
739.76422 5
740.01132 1
740.25842 0
740.50551 2
740.75261 1
740.99971 3
741.24681 1
741.49391 2
741.74101 0
741.98811 0
742.23521 1
742.48230 2
742.72940 0
742.97650 1
743.22360 0
743.47070 0
743.71780 1
743.96490 1
744.21200 1
744.45909 2
744.70619 1
744.95329 0
745.20039 0
745.44749 2
745.69459 2
745.94169 1
746.18879 1
746.43588 2
746.68298 1
746.93008 0
747.17718 4
747.42428 0
747.67138 2
747.91848 2
748.16557 0
748.41267 1
748.65977 3
748.90687 3
749.15397 1
749.40107 2
749.64817 3
749.89527 2
750.14236 2
750.38946 0
750.63656 2
750.88366 2
751.13076 0
751.37786 5
751.62496 2
751.87206 1
752.11915 2
752.36625 1
752.61335 1
752.86045 0
753.10755 0
753.35465 3
753.60175 1
753.84885 1
754.09594 1
754.34304 0
754.59014 4
754.83724 3
755.08434 3
755.33144 1
755.57854 3
755.82563 1
756.07273 0
756.31983 2
756.56693 2
756.81403 0
757.06113 0
757.30823 3
757.55533 0
757.80242 2
758.04952 1
758.29662 0
758.54372 1
758.79082 0
759.03792 0
759.28502 2
759.53212 1
759.77921 1
760.02631 2
760.27341 1
760.52051 3
760.76761 1
761.01471 2
761.26181 1
761.50891 0
761.75600 2
762.00310 1
762.25020 3
762.49730 0
762.74440 3
762.99150 1
763.23860 4
763.48570 2
763.73279 1
763.97989 3
764.22699 4
764.47409 3
764.72119 1
764.96829 0
765.21539 1
765.46248 0
765.70958 2
765.95668 1
766.20378 1
766.45088 2
766.69798 4
766.94508 0
767.19218 1
767.43927 0
767.68637 2
767.93347 1
768.18057 2
768.42767 0
768.67477 1
768.92187 2
769.16897 2
769.41606 2
769.66316 1
769.91026 2
770.15736 1
770.40446 2
770.65156 2
770.89866 0
771.14576 1
771.39285 2
771.63995 1
771.88705 0
772.13415 2
772.38125 1
772.62835 2
772.87545 2
773.12254 1
773.36964 4
773.61674 1
773.86384 2
774.11094 1
774.35804 1
774.60514 0
774.85224 3
775.09933 3
775.34643 2
775.59353 0
775.84063 1
776.08773 2
776.33483 1
776.58193 1
776.82903 1
777.07612 0
777.32322 4
777.57032 2
777.81742 1
778.06452 2
778.31162 1
778.55872 1
778.80582 0
779.05291 0
779.30001 2
779.54711 1
779.79421 2
780.04131 1
780.28841 3
780.53551 3
780.78261 0
781.02970 2
781.27680 1
781.52390 1
781.77100 2
782.01810 4
782.26520 0
782.51230 0
782.75939 5
783.00649 2
783.25359 3
783.50069 0
783.74779 1
783.99489 0
784.24199 0
784.48909 1
784.73618 1
784.98328 1
785.23038 1
785.47748 3
785.72458 0
785.97168 0
786.21878 0
786.46588 0
786.71297 1
786.96007 1
787.20717 1
787.45427 2
787.70137 2
787.94847 6
788.19557 1
788.44267 0
788.68976 1
788.93686 0
789.18396 2
789.43106 1
789.67816 0
789.92526 0
790.17236 1
790.41945 0
790.66655 1
790.91365 1
791.16075 2
791.40785 1
791.65495 2
791.90205 1
792.14915 2
792.39624 0
792.64334 2
792.89044 2
793.13754 1
793.38464 0
793.63174 4
793.87884 2
794.12594 0
794.37303 0
794.62013 0
794.86723 2
795.11433 1
795.36143 1
795.60853 0
795.85563 2
796.10273 1
796.34982 1
796.59692 0
796.84402 0
797.09112 3
797.33822 2
797.58532 1
797.83242 2
798.07952 3
798.32661 3
798.57371 2
798.82081 1
799.06791 2
799.31501 0
799.56211 1
799.80921 1
800.05630 0
800.30340 4
800.55050 3
800.79760 1
801.04470 0
801.29180 1
801.53890 3
801.78600 1
802.03309 1
802.28019 1
802.52729 2
802.77439 0
803.02149 1
803.26859 1
803.51569 3
803.76279 1
804.00988 0
804.25698 3
804.50408 2
804.75118 2
804.99828 1
805.24538 0
805.49248 3
805.73958 1
805.98667 1
806.23377 7
806.48087 0
806.72797 2
806.97507 1
807.22217 1
807.46927 1
807.71636 2
807.96346 1
808.21056 1
808.45766 1
808.70476 0
808.95186 0
809.19896 0
809.44606 0
809.69315 1
809.94025 0
810.18735 0
810.43445 1
810.68155 0
810.92865 1
811.17575 1
811.42285 2
811.66994 0
811.91704 0
812.16414 0
812.41124 0
812.65834 1
812.90544 1
813.15254 1
813.39964 1
813.64673 3
813.89383 2
814.14093 0
814.38803 2
814.63513 0
814.88223 0
815.12933 0
815.37643 2
815.62352 1
815.87062 0
816.11772 2
816.36482 0
816.61192 0
816.85902 1
817.10612 1
817.35321 1
817.60031 2
817.84741 1
818.09451 3
818.34161 0
818.58871 1
818.83581 1
819.08291 0
819.33000 0
819.57710 2
819.82420 2
820.07130 1
820.31840 2
820.56550 0
820.81260 0
821.05970 2
821.30679 0
821.55389 0
821.80099 2
822.04809 1
822.29519 1
822.54229 3
822.78939 1
823.03649 1
823.28358 2
823.53068 2
823.77778 0
824.02488 3
824.27198 1
824.51908 0
824.76618 1
825.01327 0
825.26037 2
825.50747 0
825.75457 0
826.00167 0
826.24877 3
826.49587 0
826.74297 1
826.99006 1
827.23716 0
827.48426 1
827.73136 4
827.97846 1
828.22556 2
828.47266 2
828.71976 2
828.96685 1
829.21395 2
829.46105 0
829.70815 1
829.95525 0
830.20235 1
830.44945 1
830.69655 1
830.94364 0
831.19074 1
831.43784 1
831.68494 0
831.93204 0
832.17914 0
832.42624 2
832.67334 2
832.92043 1
833.16753 2
833.41463 3
833.66173 0
833.90883 0
834.15593 0
834.40303 1
834.65012 1
834.89722 3
835.14432 2
835.39142 1
835.63852 2
835.88562 1
836.13272 1
836.37982 1
836.62691 0
836.87401 1
837.12111 2
837.36821 0
837.61531 1
837.86241 0
838.10951 2
838.35661 2
838.60370 0
838.85080 0
839.09790 1
839.34500 0
839.59210 0
839.83920 1
840.08630 0
840.33340 0
840.58049 1
840.82759 1
841.07469 2
841.32179 1
841.56889 0
841.81599 1
842.06309 1
842.31018 1
842.55728 1
842.80438 2
843.05148 2
843.29858 1
843.54568 0
843.79278 3
844.03988 2
844.28697 3
844.53407 3
844.78117 0
845.02827 0
845.27537 3
845.52247 0
845.76957 3
846.01667 4
846.26376 0
846.51086 1
846.75796 0
847.00506 1
847.25216 1
847.49926 1
847.74636 0
847.99346 0
848.24055 1
848.48765 1
848.73475 0
848.98185 0
849.22895 0
849.47605 0
849.72315 1
849.97025 4
850.21734 1
850.46444 1
850.71154 0
850.95864 1
851.20574 0
851.45284 1
851.69994 0
851.94703 0
852.19413 2
852.44123 1
852.68833 1
852.93543 1
853.18253 0
853.42963 0
853.67673 0
853.92382 0
854.17092 0
854.41802 1
854.66512 0
854.91222 0
855.15932 0
855.40642 3
855.65352 2
855.90061 0
856.14771 2
856.39481 2
856.64191 2
856.88901 3
857.13611 0
857.38321 0
857.63031 2
857.87740 1
858.12450 0
858.37160 2
858.61870 1
858.86580 0
859.11290 0
859.36000 0
859.60709 1
859.85419 1
860.10129 1
860.34839 0
860.59549 2
860.84259 1
861.08969 1
861.33679 0
861.58388 4
861.83098 0
862.07808 0
862.32518 1
862.57228 0
862.81938 1
863.06648 3
863.31358 3
863.56067 3
863.80777 0
864.05487 2
864.30197 0
864.54907 0
864.79617 1
865.04327 1
865.29037 2
865.53746 0
865.78456 1
866.03166 1
866.27876 2
866.52586 4
866.77296 1
867.02006 0
867.26716 0
867.51425 0
867.76135 1
868.00845 2
868.25555 1
868.50265 1
868.74975 1
868.99685 1
869.24394 1
869.49104 2
869.73814 0
869.98524 3
870.23234 3
870.47944 0
870.72654 1
870.97364 1
871.22073 2
871.46783 0
871.71493 2
871.96203 1
872.20913 0
872.45623 0
872.70333 0
872.95043 2
873.19752 1
873.44462 0
873.69172 1
873.93882 2
874.18592 1
874.43302 1
874.68012 0
874.92722 1
875.17431 0
875.42141 3
875.66851 1
875.91561 1
876.16271 2
876.40981 0
876.65691 0
876.90400 0
877.15110 3
877.39820 1
877.64530 3
877.89240 1
878.13950 2
878.38660 1
878.63370 1
878.88079 1
879.12789 3
879.37499 0
879.62209 0
879.86919 1
880.11629 0
880.36339 2
880.61049 1
880.85758 3
881.10468 1
881.35178 1
881.59888 1
881.84598 1
882.09308 1
882.34018 1
882.58728 1
882.83437 0
883.08147 0
883.32857 1
883.57567 0
883.82277 1
884.06987 2
884.31697 1
884.56407 1
884.81116 0
885.05826 1
885.30536 1
885.55246 1
885.79956 0
886.04666 3
886.29376 3
886.54085 1
886.78795 1
887.03505 3
887.28215 1
887.52925 0
887.77635 1
888.02345 1
888.27055 1
888.51764 3
888.76474 2
889.01184 1
889.25894 2
889.50604 1
889.75314 2
890.00024 0
890.24734 1
890.49443 3
890.74153 2
890.98863 1
891.23573 0
891.48283 0
891.72993 1
891.97703 0
892.22413 1
892.47122 1
892.71832 0
892.96542 3
893.21252 1
893.45962 3
893.70672 1
893.95382 2
894.20091 2
894.44801 0
894.69511 1
894.94221 1
895.18931 1
895.43641 1
895.68351 1
895.93061 2
896.17770 1
896.42480 0
896.67190 1
896.91900 3
897.16610 0
897.41320 2
897.66030 1
897.90740 2
898.15449 1
898.40159 2
898.64869 0
898.89579 0
899.14289 2
899.38999 1
899.63709 0
899.88419 0
900.13128 1
900.37838 0
900.62548 2
900.87258 1
901.11968 3
901.36678 3
901.61388 1
901.86098 0
902.10807 0
902.35517 3
902.60227 1
902.84937 2
903.09647 1
903.34357 1
903.59067 0
903.83776 3
904.08486 3
904.33196 2
904.57906 0
904.82616 2
905.07326 2
905.32036 1
905.56746 2
905.81455 2
906.06165 3
906.30875 2
906.55585 3
906.80295 1
907.05005 0
907.29715 2
907.54425 1
907.79134 1
908.03844 1
908.28554 1
908.53264 2
908.77974 3
909.02684 0
909.27394 0
909.52104 1
909.76813 0
910.01523 1
910.26233 0
910.50943 3
910.75653 1
911.00363 1
911.25073 3
911.49782 1
911.74492 0
911.99202 2
912.23912 2
912.48622 2
912.73332 2
912.98042 0
913.22752 2
913.47461 0
913.72171 0
913.96881 2
914.21591 1
914.46301 4
914.71011 3
914.95721 2
915.20431 2
915.45140 2
915.69850 0
915.94560 2
916.19270 0
916.43980 4
916.68690 0
916.93400 1
917.18110 0
917.42819 3
917.67529 1
917.92239 3
918.16949 0
918.41659 0
918.66369 1
918.91079 3
919.15789 1
919.40498 0
919.65208 0
919.89918 1
920.14628 1
920.39338 1
920.64048 0
920.88758 3
921.13467 0
921.38177 0
921.62887 1
921.87597 2
922.12307 3
922.37017 1
922.61727 3
922.86437 3
923.11146 0
923.35856 0
923.60566 4
923.85276 0
924.09986 1
924.34696 2
924.59406 1
924.84116 2
925.08825 0
925.33535 1
925.58245 0
925.82955 0
926.07665 1
926.32375 0
926.57085 0
926.81795 0
927.06504 1
927.31214 0
927.55924 2
927.80634 2
928.05344 2
928.30054 2
928.54764 3
928.79473 2
929.04183 1
929.28893 0
929.53603 1
929.78313 2
930.03023 0
930.27733 3
930.52443 2
930.77152 1
931.01862 0
931.26572 0
931.51282 0
931.75992 2
932.00702 0
932.25412 0
932.50122 1
932.74831 2
932.99541 1
933.24251 2
933.48961 1
933.73671 0
933.98381 4
934.23091 0
934.47801 1
934.72510 1
934.97220 0
935.21930 2
935.46640 1
935.71350 1
935.96060 1
936.20770 0
936.45480 3
936.70189 1
936.94899 1
937.19609 0
937.44319 2
937.69029 2
937.93739 1
938.18449 2
938.43158 1
938.67868 2
938.92578 1
939.17288 1
939.41998 0
939.66708 0
939.91418 1
940.16128 0
940.40837 2
940.65547 0
940.90257 0
941.14967 1
941.39677 1
941.64387 0
941.89097 2
942.13807 2
942.38516 0
942.63226 1
942.87936 1
943.12646 1
943.37356 0
943.62066 2
943.86776 0
944.11486 2
944.36195 2
944.60905 0
944.85615 2
945.10325 0
945.35035 2
945.59745 0
945.84455 1
946.09164 1
946.33874 0
946.58584 1
946.83294 0
947.08004 3
947.32714 0
947.57424 0
947.82134 1
948.06843 0
948.31553 1
948.56263 0
948.80973 1
949.05683 1
949.30393 2
949.55103 3
949.79813 1
950.04522 2
950.29232 0
950.53942 0
950.78652 0
951.03362 0
951.28072 0
951.52782 1
951.77492 0
952.02201 1
952.26911 4
952.51621 0
952.76331 0
953.01041 0
953.25751 2
953.50461 1
953.75171 1
953.99880 2
954.24590 5
954.49300 0
954.74010 1
954.98720 2
955.23430 0
955.48140 0
955.72849 0
955.97559 0
956.22269 2
956.46979 1
956.71689 0
956.96399 0
957.21109 1
957.45819 1
957.70528 0
957.95238 2
958.19948 2
958.44658 0
958.69368 1
958.94078 2
959.18788 1
959.43498 0
959.68207 0
959.92917 1
960.17627 0
960.42337 1
960.67047 2
960.91757 1
961.16467 0
961.41177 1
961.65886 2
961.90596 1
962.15306 2
962.40016 1
962.64726 2
962.89436 0
963.14146 2
963.38855 0
963.63565 3
963.88275 0
964.12985 1
964.37695 1
964.62405 1
964.87115 0
965.11825 0
965.36534 2
965.61244 0
965.85954 0
966.10664 0
966.35374 0
966.60084 3
966.84794 2
967.09504 0
967.34213 0
967.58923 0
967.83633 1
968.08343 0
968.33053 0
968.57763 0
968.82473 0
969.07183 0
969.31892 0
969.56602 1
969.81312 2
970.06022 0
970.30732 0
970.55442 0
970.80152 2
971.04862 1
971.29571 0
971.54281 2
971.78991 0
972.03701 2
972.28411 0
972.53121 0
972.77831 1
973.02540 2
973.27250 2
973.51960 1
973.76670 0
974.01380 0
974.26090 1
974.50800 3
974.75510 1
975.00219 2
975.24929 2
975.49639 0
975.74349 0
975.99059 1
976.23769 1
976.48479 2
976.73189 1
976.97898 2
977.22608 3
977.47318 0
977.72028 2
977.96738 1
978.21448 0
978.46158 1
978.70868 0
978.95577 1
979.20287 2
979.44997 0
979.69707 0
979.94417 2
980.19127 2
980.43837 1
980.68546 3
980.93256 1
981.17966 0
981.42676 0
981.67386 1
981.92096 0
982.16806 3
982.41516 1
982.66225 0
982.90935 1
983.15645 1
983.40355 0
983.65065 2
983.89775 0
984.14485 0
984.39195 0
984.63904 1
984.88614 0
985.13324 2
985.38034 0
985.62744 2
985.87454 2
986.12164 2
986.36874 1
986.61583 1
986.86293 1
987.11003 2
987.35713 2
987.60423 1
987.85133 0
988.09843 1
988.34553 0
988.59262 0
988.83972 2
989.08682 1
989.33392 0
989.58102 0
989.82812 0
990.07522 1
990.32231 0
990.56941 0
990.81651 0
991.06361 1
991.31071 1
991.55781 0
991.80491 1
992.05201 1
992.29910 1
992.54620 0
992.79330 0
993.04040 1
993.28750 0
993.53460 2
993.78170 0
994.02880 0
994.27589 1
994.52299 0
994.77009 0
995.01719 0
995.26429 0
995.51139 1
995.75849 1
996.00559 0
996.25268 0
996.49978 1
996.74688 1
996.99398 1
997.24108 1
997.48818 0
997.73528 0
997.98237 0
998.22947 0
998.47657 2
998.72367 2
998.97077 2
999.21787 0
999.46497 3
999.71207 0
999.95916 0
1000.20626 0
1000.45336 1
1000.70046 1
1000.94756 3
1001.19466 0
1001.44176 0
1001.68886 0
1001.93595 0
1002.18305 1
1002.43015 1
