# energy_keV counts
-5.32949 0
-5.08861 0
-4.84773 0
-4.60684 0
-4.36596 0
-4.12508 0
-3.88420 0
-3.64331 0
-3.40243 0
-3.16155 0
-2.92066 0
-2.67978 0
-2.43890 0
-2.19801 0
-1.95713 0
-1.71625 0
-1.47537 0
-1.23448 0
-0.99360 0
-0.75272 0
-0.51183 0
-0.27095 0
-0.03007 0
0.21082 0
0.45170 0
0.69258 0
0.93346 0
1.17435 0
1.41523 0
1.65611 0
1.89700 0
2.13788 0
2.37876 0
2.61965 0
2.86053 0
3.10141 0
3.34229 0
3.58318 0
3.82406 0
4.06494 0
4.30583 0
4.54671 30
4.78759 98
5.02848 77
5.26936 88
5.51024 75
5.75113 68
5.99201 75
6.23289 50
6.47377 69
6.71466 50
6.95554 58
7.19642 70
7.43731 68
7.67819 73
7.91907 56
8.15996 61
8.40084 60
8.64172 60
8.88260 71
9.12349 77
9.36437 76
9.60525 63
9.84614 66
10.08702 57
10.32790 56
10.56879 77
10.80967 55
11.05055 68
11.29143 49
11.53232 58
11.77320 55
12.01408 74
12.25497 70
12.49585 65
12.73673 69
12.97762 67
13.21850 66
13.45938 64
13.70026 77
13.94115 59
14.18203 66
14.42291 71
14.66380 51
14.90468 75
15.14556 62
15.38645 79
15.62733 81
15.86821 46
16.10910 58
16.34998 54
16.59086 54
16.83174 74
17.07263 73
17.31351 79
17.55439 80
17.79528 74
18.03616 69
18.27704 66
18.51793 74
18.75881 64
18.99969 95
19.24057 70
19.48146 89
19.72234 64
19.96322 88
20.20411 72
20.44499 81
20.68587 93
20.92676 82
21.16764 97
21.40852 100
21.64940 109
21.89029 135
22.13117 103
22.37205 133
22.61294 154
22.85382 154
23.09470 180
23.33559 199
23.57647 207
23.81735 235
24.05823 254
24.29912 311
24.54000 317
24.78088 380
25.02177 426
25.26265 465
25.50353 542
25.74442 657
25.98530 734
26.22618 854
26.46707 976
26.70795 1104
26.94883 1226
27.18971 1520
27.43060 1677
27.67148 1900
27.91236 2083
28.15325 2327
28.39413 2558
28.63501 2860
28.87590 3039
29.11678 3368
29.35766 3523
29.59854 3721
29.83943 4003
30.08031 4061
30.32119 4118
30.56208 4101
30.80296 3951
31.04384 3971
31.28473 3737
31.52561 3653
31.76649 3399
32.00737 3198
32.24826 2939
32.48914 2736
32.73002 2523
32.97091 2302
33.21179 1994
33.45267 1785
33.69356 1709
33.93444 1553
34.17532 1374
34.41620 1323
34.65709 1264
34.89797 1161
35.13885 1052
35.37974 983
35.62062 935
35.86150 907
36.10239 791
36.34327 669
36.58415 694
36.82504 617
37.06592 577
37.30680 523
37.54768 415
37.78857 411
38.02945 322
38.27033 282
38.51122 234
38.75210 210
38.99298 178
39.23387 170
39.47475 123
39.71563 102
39.95651 69
40.19740 66
40.43828 68
40.67916 68
40.92005 50
41.16093 43
41.40181 71
41.64270 30
41.88358 40
42.12446 41
42.36534 12
42.60623 45
42.84711 28
43.08799 24
43.32888 31
43.56976 49
43.81064 26
44.05153 26
44.29241 26
44.53329 35
44.77417 24
45.01506 36
45.25594 47
45.49682 45
45.73771 41
45.97859 64
46.21947 88
46.46036 54
46.70124 76
46.94212 54
47.18301 80
47.42389 78
47.66477 68
47.90565 103
48.14654 72
48.38742 119
48.62830 130
48.86919 100
49.11007 122
49.35095 149
49.59184 141
49.83272 143
50.07360 136
50.31448 163
50.55537 139
50.79625 172
51.03713 143
51.27802 179
51.51890 178
51.75978 178
52.00067 195
52.24155 224
52.48243 213
52.72331 238
52.96420 209
53.20508 206
53.44596 240
53.68685 197
53.92773 216
54.16861 209
54.40950 231
54.65038 227
54.89126 195
55.13214 193
55.37303 202
55.61391 212
55.85479 179
56.09568 207
56.33656 194
56.57744 179
56.81833 191
57.05921 146
57.30009 174
57.54098 111
57.78186 114
58.02274 136
58.26362 147
58.50451 107
58.74539 123
58.98627 123
59.22716 100
59.46804 111
59.70892 92
59.94981 96
60.19069 90
60.43157 135
60.67245 118
60.91334 109
61.15422 113
61.39510 127
61.63599 121
61.87687 137
62.11775 129
62.35864 132
62.59952 127
62.84040 141
63.08128 142
63.32217 183
63.56305 159
63.80393 178
64.04482 171
64.28570 165
64.52658 189
64.76747 194
65.00835 156
65.24923 194
65.49011 188
65.73100 194
65.97188 185
66.21276 214
66.45365 233
66.69453 216
66.93541 207
67.17630 196
67.41718 240
67.65806 219
67.89895 207
68.13983 232
68.38071 230
68.62159 197
68.86248 217
69.10336 183
69.34424 246
69.58513 212
69.82601 202
70.06689 218
70.30778 190
70.54866 194
70.78954 218
71.03042 198
71.27131 208
71.51219 163
71.75307 204
71.99396 208
72.23484 245
72.47572 229
72.71661 221
72.95749 224
73.19837 234
73.43925 239
73.68014 254
73.92102 257
74.16190 264
74.40279 278
74.64367 310
74.88455 296
75.12544 291
75.36632 314
75.60720 325
75.84808 333
76.08897 381
76.32985 388
76.57073 440
76.81162 454
77.05250 436
77.29338 448
77.53427 483
77.77515 558
78.01603 527
78.25692 513
78.49780 620
78.73868 625
78.97956 649
79.22045 673
79.46133 724
79.70221 789
79.94310 864
80.18398 894
80.42486 935
80.66575 973
80.90663 1003
81.14751 1016
81.38839 1066
81.62928 1193
81.87016 1138
82.11104 1239
82.35193 1274
82.59281 1352
82.83369 1458
83.07458 1434
83.31546 1545
83.55634 1574
83.79722 1604
84.03811 1638
84.27899 1654
84.51987 1679
84.76076 1653
85.00164 1742
85.24252 1756
85.48341 1722
85.72429 1700
85.96517 1712
86.20605 1593
86.44694 1674
86.68782 1548
86.92870 1569
87.16959 1518
87.41047 1521
87.65135 1420
87.89224 1333
88.13312 1235
88.37400 1229
88.61489 1110
88.85577 1001
89.09665 944
89.33753 915
89.57842 833
89.81930 798
90.06018 755
90.30107 672
90.54195 606
90.78283 554
91.02372 470
91.26460 417
91.50548 413
91.74636 362
91.98725 290
92.22813 290
92.46901 269
92.70990 232
92.95078 183
93.19166 177
93.43255 168
93.67343 144
93.91431 136
94.15519 99
94.39608 105
94.63696 86
94.87784 74
95.11873 80
95.35961 85
95.60049 91
95.84138 85
96.08226 56
96.32314 64
96.56402 51
96.80491 70
97.04579 52
97.28667 59
97.52756 75
97.76844 52
98.00932 54
98.25021 45
98.49109 59
98.73197 45
98.97286 58
99.21374 58
99.45462 53
99.69550 57
99.93639 49
100.17727 37
100.41815 61
100.65904 64
100.89992 64
101.14080 61
101.38169 72
101.62257 48
101.86345 64
102.10433 35
102.34522 59
102.58610 77
102.82698 87
103.06787 56
103.30875 60
103.54963 66
103.79052 64
104.03140 55
104.27228 63
104.51316 58
104.75405 68
104.99493 75
105.23581 101
105.47670 70
105.71758 62
105.95846 68
106.19935 66
106.44023 81
106.68111 74
106.92199 80
107.16288 56
107.40376 96
107.64464 55
107.88553 70
108.12641 86
108.36729 79
108.60818 67
108.84906 78
109.08994 73
109.33083 60
109.57171 83
109.81259 82
110.05347 61
110.29436 89
110.53524 79
110.77612 80
111.01701 73
111.25789 79
111.49877 99
111.73966 109
111.98054 94
112.22142 92
112.46230 111
112.70319 97
112.94407 101
113.18495 111
113.42584 116
113.66672 102
113.90760 106
114.14849 118
114.38937 123
114.63025 126
114.87113 155
115.11202 127
115.35290 152
115.59378 126
115.83467 157
116.07555 141
116.31643 152
116.55732 117
116.79820 153
117.03908 168
117.27996 159
117.52085 181
117.76173 157
118.00261 162
118.24350 158
118.48438 158
118.72526 163
118.96615 192
119.20703 176
119.44791 175
119.68879 183
119.92968 185
120.17056 186
120.41144 223
120.65233 162
120.89321 188
121.13409 172
121.37498 194
121.61586 172
121.85674 190
122.09763 193
122.33851 166
122.57939 162
122.82027 168
123.06116 170
123.30204 159
123.54292 137
123.78381 184
124.02469 177
124.26557 162
124.50646 149
124.74734 132
124.98822 149
125.22910 134
125.46999 149
125.71087 131
125.95175 132
126.19264 127
126.43352 109
126.67440 135
126.91529 104
127.15617 100
127.39705 84
127.63793 107
127.87882 124
128.11970 108
128.36058 85
128.60147 114
128.84235 99
129.08323 82
129.32412 83
129.56500 81
129.80588 82
130.04676 82
130.28765 72
130.52853 76
130.76941 65
131.01030 75
131.25118 81
131.49206 73
131.73295 85
131.97383 79
132.21471 80
132.45560 76
132.69648 84
132.93736 75
133.17824 64
133.41913 63
133.66001 77
133.90089 86
134.14178 71
134.38266 89
134.62354 101
134.86443 85
135.10531 76
135.34619 80
135.58707 74
135.82796 69
136.06884 75
136.30972 88
136.55061 64
136.79149 52
137.03237 80
137.27326 62
137.51414 62
137.75502 79
137.99590 68
138.23679 83
138.47767 67
138.71855 80
138.95944 73
139.20032 87
139.44120 77
139.68209 74
139.92297 83
140.16385 81
140.40473 75
140.64562 86
140.88650 77
141.12738 70
141.36827 75
141.60915 72
141.85003 87
142.09092 65
142.33180 91
142.57268 70
142.81357 91
143.05445 78
143.29533 93
143.53621 81
143.77710 84
144.01798 93
144.25886 91
144.49975 94
144.74063 85
144.98151 84
145.22240 88
145.46328 90
145.70416 90
145.94504 88
146.18593 86
146.42681 70
146.66769 101
146.90858 100
147.14946 91
147.39034 97
147.63123 114
147.87211 72
148.11299 89
148.35387 97
148.59476 109
148.83564 90
149.07652 78
149.31741 94
149.55829 85
149.79917 109
150.04006 116
150.28094 81
150.52182 104
150.76270 120
151.00359 94
151.24447 90
151.48535 97
151.72624 105
151.96712 94
152.20800 91
152.44889 91
152.68977 96
152.93065 104
153.17154 108
153.41242 111
153.65330 100
153.89418 114
154.13507 86
154.37595 118
154.61683 105
154.85772 99
155.09860 110
155.33948 100
155.58037 89
155.82125 120
156.06213 133
156.30301 115
156.54390 97
156.78478 120
157.02566 98
157.26655 110
157.50743 109
157.74831 130
157.98920 93
158.23008 107
158.47096 117
158.71184 106
158.95273 115
159.19361 111
159.43449 105
159.67538 119
159.91626 121
160.15714 132
160.39803 107
160.63891 116
160.87979 121
161.12067 119
161.36156 123
161.60244 135
161.84332 129
162.08421 118
162.32509 119
162.56597 135
162.80686 129
163.04774 114
163.28862 103
163.52951 114
163.77039 129
164.01127 115
164.25215 102
164.49304 143
164.73392 120
164.97480 137
165.21569 116
165.45657 105
165.69745 121
165.93834 105
166.17922 114
166.42010 116
166.66098 91
166.90187 111
167.14275 108
167.38363 137
167.62452 96
167.86540 116
168.10628 129
168.34717 97
168.58805 94
168.82893 96
169.06981 104
169.31070 78
169.55158 98
169.79246 95
170.03335 104
170.27423 90
170.51511 115
170.75600 113
170.99688 89
171.23776 120
171.47864 94
171.71953 113
171.96041 108
172.20129 107
172.44218 103
172.68306 89
172.92394 98
173.16483 106
173.40571 104
173.64659 110
173.88748 101
174.12836 100
174.36924 97
174.61012 111
174.85101 96
175.09189 76
175.33277 68
175.57366 98
175.81454 99
176.05542 108
176.29631 106
176.53719 90
176.77807 96
177.01895 75
177.25984 92
177.50072 103
177.74160 94
177.98249 94
178.22337 87
178.46425 91
178.70514 110
178.94602 97
179.18690 103
179.42778 87
179.66867 84
179.90955 85
180.15043 104
180.39132 89
180.63220 79
180.87308 81
181.11397 79
181.35485 92
181.59573 89
181.83661 73
182.07750 94
182.31838 94
182.55926 85
182.80015 105
183.04103 96
183.28191 59
183.52280 82
183.76368 73
184.00456 94
184.24545 81
184.48633 90
184.72721 88
184.96809 75
185.20898 91
185.44986 97
185.69074 77
185.93163 84
186.17251 82
186.41339 86
186.65428 99
186.89516 85
187.13604 95
187.37692 104
187.61781 76
187.85869 77
188.09957 80
188.34046 89
188.58134 93
188.82222 76
189.06311 73
189.30399 72
189.54487 69
189.78575 85
190.02664 78
190.26752 94
190.50840 64
190.74929 93
190.99017 74
191.23105 86
191.47194 70
191.71282 83
191.95370 87
192.19458 90
192.43547 95
192.67635 92
192.91723 87
193.15812 80
193.39900 95
193.63988 85
193.88077 77
194.12165 73
194.36253 75
194.60342 90
194.84430 99
195.08518 94
195.32606 66
195.56695 86
195.80783 78
196.04871 73
196.28960 77
196.53048 102
196.77136 83
197.01225 86
197.25313 68
197.49401 86
197.73489 75
197.97578 62
198.21666 74
198.45754 83
198.69843 73
198.93931 89
199.18019 88
199.42108 77
199.66196 63
199.90284 60
200.14372 74
200.38461 87
200.62549 75
200.86637 80
201.10726 81
201.34814 69
201.58902 73
201.82991 61
202.07079 78
202.31167 79
202.55255 71
202.79344 69
203.03432 64
203.27520 62
203.51609 72
203.75697 82
203.99785 76
204.23874 78
204.47962 51
204.72050 75
204.96139 78
205.20227 72
205.44315 70
205.68403 61
205.92492 82
206.16580 75
206.40668 64
206.64757 56
206.88845 66
207.12933 50
207.37022 50
207.61110 60
207.85198 66
208.09286 63
208.33375 65
208.57463 53
208.81551 68
209.05640 70
209.29728 52
209.53816 54
209.77905 67
210.01993 61
210.26081 52
210.50169 63
210.74258 72
210.98346 52
211.22434 49
211.46523 63
211.70611 67
211.94699 64
212.18788 56
212.42876 63
212.66964 60
212.91052 60
213.15141 61
213.39229 46
213.63317 56
213.87406 73
214.11494 59
214.35582 71
214.59671 65
214.83759 59
215.07847 61
215.31936 74
215.56024 63
215.80112 53
216.04200 66
216.28289 64
216.52377 60
216.76465 70
217.00554 43
217.24642 53
217.48730 59
217.72819 61
217.96907 57
218.20995 75
218.45083 80
218.69172 51
218.93260 61
219.17348 60
219.41437 45
219.65525 67
219.89613 42
220.13702 70
220.37790 67
220.61878 67
220.85966 69
221.10055 64
221.34143 64
221.58231 65
221.82320 68
222.06408 65
222.30496 54
222.54585 69
222.78673 62
223.02761 58
223.26849 61
223.50938 64
223.75026 62
223.99114 59
224.23203 54
224.47291 62
224.71379 42
224.95468 52
225.19556 64
225.43644 59
225.67733 56
225.91821 56
226.15909 58
226.39997 76
226.64086 77
226.88174 45
227.12262 60
227.36351 46
227.60439 65
227.84527 48
228.08616 63
228.32704 49
228.56792 59
228.80880 63
229.04969 57
229.29057 58
229.53145 60
229.77234 50
230.01322 47
230.25410 55
230.49499 59
230.73587 75
230.97675 76
231.21763 57
231.45852 56
231.69940 63
231.94028 60
232.18117 53
232.42205 62
232.66293 53
232.90382 51
233.14470 48
233.38558 69
233.62646 53
233.86735 59
234.10823 61
234.34911 45
234.59000 53
234.83088 55
235.07176 65
235.31265 81
235.55353 64
235.79441 69
236.03530 47
236.27618 56
236.51706 61
236.75794 57
236.99883 53
237.23971 41
237.48059 42
237.72148 53
237.96236 56
238.20324 56
238.44413 35
238.68501 48
238.92589 50
239.16677 56
239.40766 52
239.64854 61
239.88942 49
240.13031 56
240.37119 45
240.61207 50
240.85296 61
241.09384 48
241.33472 42
241.57560 31
241.81649 49
242.05737 55
242.29825 55
242.53914 40
242.78002 44
243.02090 53
243.26179 61
243.50267 62
243.74355 56
243.98443 54
244.22532 37
244.46620 58
244.70708 48
244.94797 40
245.18885 45
245.42973 45
245.67062 43
245.91150 47
246.15238 45
246.39327 56
246.63415 54
246.87503 47
247.11591 49
247.35680 57
247.59768 46
247.83856 45
248.07945 49
248.32033 58
248.56121 57
248.80210 50
249.04298 45
249.28386 50
249.52474 42
249.76563 48
250.00651 44
250.24739 49
250.48828 39
250.72916 52
250.97004 41
251.21093 43
251.45181 55
251.69269 43
251.93357 46
252.17446 52
252.41534 51
252.65622 47
252.89711 41
253.13799 49
253.37887 49
253.61976 40
253.86064 53
254.10152 51
254.34240 61
254.58329 52
254.82417 61
255.06505 46
255.30594 56
255.54682 54
255.78770 54
256.02859 51
256.26947 59
256.51035 65
256.75124 66
256.99212 69
257.23300 58
257.47388 71
257.71477 69
257.95565 73
258.19653 51
258.43742 57
258.67830 49
258.91918 67
259.16007 52
259.40095 66
259.64183 65
259.88271 74
260.12360 66
260.36448 70
260.60536 61
260.84625 64
261.08713 75
261.32801 60
261.56890 75
261.80978 79
262.05066 54
262.29154 72
262.53243 58
262.77331 59
263.01419 72
263.25508 89
263.49596 75
263.73684 86
263.97773 101
264.21861 83
264.45949 90
264.70037 93
264.94126 80
265.18214 82
265.42302 85
265.66391 82
265.90479 97
266.14567 87
266.38656 83
266.62744 92
266.86832 88
267.10921 95
267.35009 112
267.59097 87
267.83185 92
268.07274 93
268.31362 100
268.55450 97
268.79539 88
269.03627 84
269.27715 124
269.51804 110
269.75892 107
269.99980 115
270.24068 106
270.48157 123
270.72245 108
270.96333 107
271.20422 110
271.44510 110
271.68598 103
271.92687 109
272.16775 109
272.40863 125
272.64951 99
272.89040 120
273.13128 114
273.37216 137
273.61305 108
273.85393 126
274.09481 106
274.33570 116
274.57658 106
274.81746 138
275.05834 114
275.29923 123
275.54011 121
275.78099 119
276.02188 128
276.26276 97
276.50364 116
276.74453 137
276.98541 133
277.22629 115
277.46718 126
277.70806 133
277.94894 104
278.18982 121
278.43071 127
278.67159 131
278.91247 122
279.15336 116
279.39424 120
279.63512 128
279.87601 123
280.11689 128
280.35777 112
280.59865 144
280.83954 134
281.08042 115
281.32130 132
281.56219 127
281.80307 119
282.04395 129
282.28484 129
282.52572 125
282.76660 135
283.00748 140
283.24837 165
283.48925 121
283.73013 143
283.97102 142
284.21190 117
284.45278 129
284.69367 139
284.93455 132
285.17543 141
285.41631 145
285.65720 148
285.89808 131
286.13896 145
286.37985 145
286.62073 108
286.86161 157
287.10250 135
287.34338 134
287.58426 155
287.82515 154
288.06603 142
288.30691 146
288.54779 137
288.78868 175
289.02956 147
289.27044 149
289.51133 163
289.75221 182
289.99309 166
290.23398 161
290.47486 165
290.71574 173
290.95662 171
291.19751 172
291.43839 200
291.67927 180
291.92016 182
292.16104 174
292.40192 182
292.64281 171
292.88369 182
293.12457 183
293.36545 191
293.60634 167
293.84722 192
294.08810 177
294.32899 202
294.56987 173
294.81075 188
295.05164 213
295.29252 219
295.53340 216
295.77428 206
296.01517 197
296.25605 192
296.49693 225
296.73782 196
296.97870 201
297.21958 188
297.46047 211
297.70135 217
297.94223 221
298.18312 195
298.42400 209
298.66488 217
298.90576 221
299.14665 218
299.38753 217
299.62841 222
299.86930 258
300.11018 242
300.35106 209
300.59195 216
300.83283 210
301.07371 225
301.31459 223
301.55548 218
301.79636 190
302.03724 211
302.27813 193
302.51901 217
302.75989 207
303.00078 216
303.24166 227
303.48254 216
303.72342 216
303.96431 204
304.20519 238
304.44607 212
304.68696 228
304.92784 226
305.16872 217
305.40961 213
305.65049 185
305.89137 212
306.13225 231
306.37314 191
306.61402 211
306.85490 208
307.09579 213
307.33667 199
307.57755 183
307.81844 201
308.05932 205
308.30020 213
308.54109 179
308.78197 205
309.02285 188
309.26373 189
309.50462 180
309.74550 206
309.98638 196
310.22727 171
310.46815 170
310.70903 165
310.94992 170
311.19080 197
311.43168 152
311.67256 199
311.91345 170
312.15433 172
312.39521 164
312.63610 173
312.87698 170
313.11786 161
313.35875 174
313.59963 172
313.84051 150
314.08139 139
314.32228 145
314.56316 149
314.80404 118
315.04493 141
315.28581 150
315.52669 133
315.76758 130
316.00846 125
316.24934 137
316.49022 130
316.73111 129
316.97199 115
317.21287 131
317.45376 106
317.69464 114
317.93552 112
318.17641 117
318.41729 111
318.65817 120
318.89906 114
319.13994 127
319.38082 103
319.62170 92
319.86259 107
320.10347 110
320.34435 105
320.58524 104
320.82612 99
321.06700 94
321.30789 99
321.54877 101
321.78965 100
322.03053 75
322.27142 88
322.51230 93
322.75318 103
322.99407 83
323.23495 94
323.47583 85
323.71672 95
323.95760 85
324.19848 101
324.43936 82
324.68025 92
324.92113 100
325.16201 116
325.40290 109
325.64378 90
325.88466 104
326.12555 105
326.36643 99
326.60731 104
326.84819 103
327.08908 116
327.32996 107
327.57084 84
327.81173 122
328.05261 129
328.29349 120
328.53438 119
328.77526 127
329.01614 122
329.25703 134
329.49791 138
329.73879 109
329.97967 127
330.22056 139
330.46144 139
330.70232 145
330.94321 154
331.18409 149
331.42497 166
331.66586 142
331.90674 162
332.14762 172
332.38850 183
332.62939 174
332.87027 168
333.11115 154
333.35204 196
333.59292 183
333.83380 190
334.07469 195
334.31557 192
334.55645 223
334.79733 220
335.03822 221
335.27910 230
335.51998 237
335.76087 232
336.00175 229
336.24263 255
336.48352 235
336.72440 248
336.96528 255
337.20616 285
337.44705 252
337.68793 281
337.92881 287
338.16970 292
338.41058 262
338.65146 262
338.89235 303
339.13323 274
339.37411 313
339.61500 333
339.85588 357
340.09676 329
340.33764 363
340.57853 334
340.81941 332
341.06029 361
341.30118 344
341.54206 369
341.78294 345
342.02383 326
342.26471 316
342.50559 359
342.74647 393
342.98736 400
343.22824 411
343.46912 360
343.71001 363
343.95089 417
344.19177 378
344.43266 374
344.67354 417
344.91442 412
345.15530 416
345.39619 419
345.63707 441
345.87795 430
346.11884 459
346.35972 426
346.60060 442
346.84149 491
347.08237 501
347.32325 452
347.56413 453
347.80502 452
348.04590 476
348.28678 456
348.52767 505
348.76855 463
349.00943 477
349.25032 480
349.49120 511
349.73208 466
349.97297 496
350.21385 501
350.45473 531
350.69561 489
350.93650 453
351.17738 507
351.41826 476
351.65915 576
351.90003 510
352.14091 538
352.38180 505
352.62268 485
352.86356 569
353.10444 514
353.34533 500
353.58621 537
353.82709 519
354.06798 494
354.30886 483
354.54974 519
354.79063 518
355.03151 504
355.27239 507
355.51327 532
355.75416 509
355.99504 559
356.23592 538
356.47681 520
356.71769 507
356.95857 549
357.19946 503
357.44034 493
357.68122 546
357.92210 520
358.16299 528
358.40387 508
358.64475 509
358.88564 494
359.12652 518
359.36740 483
359.60829 503
359.84917 521
360.09005 481
360.33094 488
360.57182 496
360.81270 458
361.05358 477
361.29447 448
361.53535 436
361.77623 446
362.01712 427
362.25800 425
362.49888 427
362.73977 458
362.98065 447
363.22153 414
363.46241 417
363.70330 426
363.94418 424
364.18506 417
364.42595 396
364.66683 431
364.90771 411
365.14860 346
365.38948 403
365.63036 382
365.87124 351
366.11213 366
366.35301 356
366.59389 363
366.83478 320
367.07566 365
367.31654 355
367.55743 376
367.79831 342
368.03919 351
368.28007 273
368.52096 325
368.76184 325
369.00272 288
369.24361 314
369.48449 319
369.72537 312
369.96626 268
370.20714 312
370.44802 302
370.68891 280
370.92979 279
371.17067 289
371.41155 290
371.65244 254
371.89332 233
372.13420 250
372.37509 252
372.61597 231
372.85685 229
373.09774 238
373.33862 261
373.57950 226
373.82038 257
374.06127 248
374.30215 231
374.54303 222
374.78392 207
375.02480 243
375.26568 228
375.50657 214
375.74745 209
375.98833 195
376.22921 212
376.47010 192
376.71098 206
376.95186 213
377.19275 166
377.43363 174
377.67451 196
377.91540 186
378.15628 180
378.39716 189
378.63804 188
378.87893 184
379.11981 176
379.36069 179
379.60158 200
379.84246 183
380.08334 179
380.32423 179
380.56511 171
380.80599 154
381.04688 161
381.28776 174
381.52864 182
381.76952 159
382.01041 163
382.25129 165
382.49217 175
382.73306 173
382.97394 164
383.21482 165
383.45571 171
383.69659 183
383.93747 176
384.17835 164
384.41924 182
384.66012 151
384.90100 159
385.14189 164
385.38277 169
385.62365 152
385.86454 140
386.10542 176
386.34630 142
386.58718 159
386.82807 152
387.06895 140
387.30983 157
387.55072 145
387.79160 164
388.03248 143
388.27337 141
388.51425 142
388.75513 147
388.99601 173
389.23690 142
389.47778 172
389.71866 141
389.95955 139
390.20043 136
390.44131 151
390.68220 134
390.92308 141
391.16396 121
391.40485 154
391.64573 149
391.88661 133
392.12749 123
392.36838 136
392.60926 123
392.85014 118
393.09103 119
393.33191 123
393.57279 149
393.81368 116
394.05456 130
394.29544 127
394.53632 144
394.77721 103
395.01809 135
395.25897 124
395.49986 124
395.74074 121
395.98162 116
396.22251 99
396.46339 126
396.70427 114
396.94515 111
397.18604 117
397.42692 100
397.66780 103
397.90869 117
398.14957 110
398.39045 98
398.63134 112
398.87222 103
399.11310 79
399.35398 87
399.59487 92
399.83575 90
400.07663 123
400.31752 112
400.55840 76
400.79928 85
401.04017 93
401.28105 87
401.52193 69
401.76282 103
402.00370 84
402.24458 74
402.48546 75
402.72635 91
402.96723 81
403.20811 75
403.44900 66
403.68988 79
403.93076 66
404.17165 63
404.41253 67
404.65341 87
404.89429 61
405.13518 72
405.37606 67
405.61694 60
405.85783 51
406.09871 63
406.33959 61
406.58048 60
406.82136 51
407.06224 53
407.30312 63
407.54401 51
407.78489 43
408.02577 46
408.26666 50
408.50754 54
408.74842 49
408.98931 49
409.23019 55
409.47107 52
409.71195 45
409.95284 44
410.19372 62
410.43460 58
410.67549 45
410.91637 42
411.15725 47
411.39814 43
411.63902 49
411.87990 46
412.12078 53
412.36167 37
412.60255 37
412.84343 44
413.08432 41
413.32520 52
413.56608 33
413.80697 28
414.04785 35
414.28873 34
414.52962 34
414.77050 22
415.01138 34
415.25226 32
415.49315 36
415.73403 36
415.97491 43
416.21580 32
416.45668 44
416.69756 38
416.93845 39
417.17933 33
417.42021 36
417.66109 30
417.90198 31
418.14286 28
418.38374 24
418.62463 37
418.86551 31
419.10639 34
419.34728 28
419.58816 35
419.82904 36
420.06992 40
420.31081 42
420.55169 32
420.79257 38
421.03346 28
421.27434 46
421.51522 34
421.75611 42
421.99699 30
422.23787 40
422.47875 28
422.71964 29
422.96052 39
423.20140 35
423.44229 51
423.68317 26
423.92405 37
424.16494 30
424.40582 43
424.64670 31
424.88759 42
425.12847 36
425.36935 34
425.61023 44
425.85112 38
426.09200 30
426.33288 31
426.57377 47
426.81465 34
427.05553 32
427.29642 40
427.53730 41
427.77818 38
428.01906 40
428.25995 44
428.50083 37
428.74171 27
428.98260 54
429.22348 38
429.46436 58
429.70525 48
429.94613 48
430.18701 45
430.42789 49
430.66878 47
430.90966 48
431.15054 41
431.39143 42
431.63231 39
431.87319 36
432.11408 55
432.35496 49
432.59584 40
432.83672 47
433.07761 42
433.31849 44
433.55937 39
433.80026 48
434.04114 52
434.28202 49
434.52291 57
434.76379 52
435.00467 46
435.24556 54
435.48644 54
435.72732 49
435.96820 53
436.20909 56
436.44997 47
436.69085 59
436.93174 52
437.17262 47
437.41350 59
437.65439 57
437.89527 48
438.13615 61
438.37703 49
438.61792 62
438.85880 48
439.09968 46
439.34057 56
439.58145 57
439.82233 66
440.06322 45
440.30410 51
440.54498 45
440.78586 60
441.02675 64
441.26763 43
441.50851 56
441.74940 65
441.99028 64
442.23116 64
442.47205 62
442.71293 56
442.95381 41
443.19469 46
443.43558 55
443.67646 53
443.91734 63
444.15823 55
444.39911 59
444.63999 52
444.88088 55
445.12176 57
445.36264 44
445.60353 43
445.84441 68
446.08529 56
446.32617 65
446.56706 69
446.80794 50
447.04882 46
447.28971 55
447.53059 62
447.77147 53
448.01236 40
448.25324 55
448.49412 47
448.73500 36
448.97589 60
449.21677 49
449.45765 46
449.69854 46
449.93942 53
450.18030 48
450.42119 45
450.66207 41
450.90295 30
451.14383 53
451.38472 32
451.62560 38
451.86648 37
452.10737 49
452.34825 41
452.58913 52
452.83002 39
453.07090 30
453.31178 52
453.55266 42
453.79355 49
454.03443 41
454.27531 48
454.51620 45
454.75708 38
454.99796 37
455.23885 32
455.47973 37
455.72061 29
455.96150 22
456.20238 36
456.44326 45
456.68414 30
456.92503 32
457.16591 31
457.40679 29
457.64768 21
457.88856 23
458.12944 35
458.37033 25
458.61121 28
458.85209 27
459.09297 25
459.33386 33
459.57474 33
459.81562 26
460.05651 28
460.29739 21
460.53827 30
460.77916 21
461.02004 23
461.26092 23
461.50180 27
461.74269 20
461.98357 21
462.22445 14
462.46534 23
462.70622 23
462.94710 18
463.18799 19
463.42887 17
463.66975 18
463.91063 18
464.15152 20
464.39240 21
464.63328 17
464.87417 21
465.11505 27
465.35593 18
465.59682 28
465.83770 15
466.07858 14
466.31947 19
466.56035 21
466.80123 17
467.04211 11
467.28300 15
467.52388 13
467.76476 17
468.00565 13
468.24653 11
468.48741 13
468.72830 13
468.96918 12
469.21006 15
469.45094 14
469.69183 9
469.93271 10
470.17359 14
470.41448 5
470.65536 16
470.89624 12
471.13713 3
471.37801 13
471.61889 8
471.85977 8
472.10066 9
472.34154 12
472.58242 9
472.82331 8
473.06419 12
473.30507 9
473.54596 4
473.78684 13
474.02772 5
474.26860 9
474.50949 5
474.75037 8
474.99125 5
475.23214 6
475.47302 13
475.71390 9
475.95479 5
476.19567 7
476.43655 12
476.67744 8
476.91832 4
477.15920 9
477.40008 6
477.64097 7
477.88185 8
478.12273 6
478.36362 6
478.60450 5
478.84538 5
479.08627 5
479.32715 6
479.56803 5
479.80891 7
480.04980 3
480.29068 6
480.53156 3
480.77245 7
481.01333 6
481.25421 3
481.49510 7
481.73598 4
481.97686 8
482.21774 7
482.45863 5
482.69951 4
482.94039 5
483.18128 5
483.42216 1
483.66304 3
483.90393 4
484.14481 10
484.38569 7
484.62657 6
484.86746 6
485.10834 6
485.34922 6
485.59011 5
485.83099 7
486.07187 7
486.31276 6
486.55364 4
486.79452 8
487.03541 2
487.27629 1
487.51717 6
487.75805 2
487.99894 2
488.23982 3
488.48070 6
488.72159 7
488.96247 2
489.20335 3
489.44424 2
489.68512 4
489.92600 4
490.16688 9
490.40777 1
490.64865 3
490.88953 8
491.13042 1
491.37130 5
491.61218 5
491.85307 5
492.09395 6
492.33483 7
492.57571 5
492.81660 1
493.05748 0
493.29836 1
493.53925 0
493.78013 4
494.02101 1
494.26190 5
494.50278 2
494.74366 0
494.98454 2
495.22543 7
495.46631 4
495.70719 4
495.94808 3
496.18896 2
496.42984 4
496.67073 4
496.91161 6
497.15249 5
497.39338 2
497.63426 3
497.87514 1
498.11602 1
498.35691 1
498.59779 3
498.83867 0
499.07956 4
499.32044 2
499.56132 2
499.80221 4
500.04309 2
500.28397 4
500.52485 5
500.76574 2
501.00662 2
501.24750 1
501.48839 4
501.72927 3
501.97015 3
502.21104 0
502.45192 1
502.69280 0
502.93368 5
503.17457 1
503.41545 4
503.65633 2
503.89722 2
504.13810 0
504.37898 0
504.61987 4
504.86075 0
505.10163 2
505.34251 1
505.58340 1
505.82428 1
506.06516 0
506.30605 5
506.54693 3
506.78781 4
507.02870 2
507.26958 2
507.51046 1
507.75135 0
507.99223 2
508.23311 0
508.47399 1
508.71488 0
508.95576 0
509.19664 0
509.43753 3
509.67841 2
509.91929 1
510.16018 3
510.40106 3
510.64194 1
510.88282 2
511.12371 1
511.36459 0
511.60547 1
511.84636 2
512.08724 0
512.32812 2
512.56901 0
512.80989 0
513.05077 0
513.29165 1
513.53254 0
513.77342 1
514.01430 3
514.25519 1
514.49607 2
514.73695 0
514.97784 1
515.21872 0
515.45960 2
515.70048 0
515.94137 0
516.18225 0
516.42313 0
516.66402 2
516.90490 1
517.14578 0
517.38667 0
517.62755 0
517.86843 2
518.10932 2
518.35020 1
518.59108 2
518.83196 1
519.07285 0
519.31373 1
519.55461 0
519.79550 2
520.03638 0
520.27726 0
520.51815 0
520.75903 0
520.99991 0
521.24079 1
521.48168 1
521.72256 0
521.96344 3
522.20433 0
522.44521 0
522.68609 0
522.92698 0
523.16786 3
523.40874 0
523.64962 1
523.89051 0
524.13139 0
524.37227 2
524.61316 0
524.85404 1
525.09492 3
525.33581 1
525.57669 0
525.81757 2
526.05845 0
526.29934 0
526.54022 2
526.78110 4
527.02199 4
527.26287 0
527.50375 3
527.74464 3
527.98552 2
528.22640 0
528.46729 2
528.70817 1
528.94905 0
529.18993 0
529.43082 0
529.67170 1
529.91258 1
530.15347 1
530.39435 0
530.63523 1
530.87612 0
531.11700 5
531.35788 1
531.59876 2
531.83965 0
532.08053 0
532.32141 2
532.56230 2
532.80318 0
533.04406 0
533.28495 3
533.52583 2
533.76671 0
534.00759 4
534.24848 0
534.48936 0
534.73024 2
534.97113 1
535.21201 1
535.45289 0
535.69378 2
535.93466 0
536.17554 1
536.41642 0
536.65731 0
536.89819 1
537.13907 0
537.37996 0
537.62084 1
537.86172 2
538.10261 4
538.34349 0
538.58437 0
538.82526 2
539.06614 0
539.30702 0
539.54790 0
539.78879 0
540.02967 0
540.27055 2
540.51144 0
540.75232 1
540.99320 0
541.23409 2
541.47497 1
541.71585 1
541.95673 1
542.19762 0
542.43850 0
542.67938 2
542.92027 0
543.16115 0
543.40203 0
543.64292 1
543.88380 1
544.12468 1
544.36556 1
544.60645 2
544.84733 0
545.08821 2
545.32910 4
545.56998 0
545.81086 0
546.05175 0
546.29263 0
546.53351 2
546.77439 0
547.01528 0
547.25616 1
547.49704 1
547.73793 5
547.97881 1
548.21969 1
548.46058 3
548.70146 1
548.94234 0
549.18323 1
549.42411 0
549.66499 0
549.90587 0
550.14676 0
550.38764 0
550.62852 0
550.86941 0
551.11029 3
551.35117 1
551.59206 0
551.83294 0
552.07382 0
552.31470 2
552.55559 1
552.79647 6
553.03735 0
553.27824 0
553.51912 0
553.76000 1
554.00089 0
554.24177 3
554.48265 0
554.72353 2
554.96442 4
555.20530 3
555.44618 2
555.68707 1
555.92795 1
556.16883 2
556.40972 0
556.65060 0
556.89148 3
557.13236 0
557.37325 2
557.61413 0
557.85501 2
558.09590 0
558.33678 2
558.57766 1
558.81855 0
559.05943 0
559.30031 0
559.54120 0
559.78208 0
560.02296 1
560.26384 2
560.50473 2
560.74561 3
560.98649 2
561.22738 0
561.46826 2
561.70914 0
561.95003 2
562.19091 2
562.43179 1
562.67267 2
562.91356 0
563.15444 2
563.39532 0
563.63621 0
563.87709 0
564.11797 0
564.35886 2
564.59974 1
564.84062 0
565.08150 0
565.32239 0
565.56327 1
565.80415 0
566.04504 1
566.28592 3
566.52680 3
566.76769 2
567.00857 0
567.24945 0
567.49033 0
567.73122 1
567.97210 0
568.21298 0
568.45387 0
568.69475 1
568.93563 0
569.17652 4
569.41740 0
569.65828 0
569.89917 1
570.14005 3
570.38093 0
570.62181 3
570.86270 2
571.10358 2
571.34446 0
571.58535 2
571.82623 3
572.06711 0
572.30800 0
572.54888 0
572.78976 0
573.03064 1
573.27153 0
573.51241 1
573.75329 0
573.99418 0
574.23506 1
574.47594 2
574.71683 2
574.95771 0
575.19859 0
575.43947 2
575.68036 1
575.92124 1
576.16212 2
576.40301 1
576.64389 4
576.88477 0
577.12566 0
577.36654 3
577.60742 4
577.84830 2
578.08919 0
578.33007 0
578.57095 0
578.81184 0
579.05272 0
579.29360 2
579.53449 4
579.77537 0
580.01625 0
580.25714 1
580.49802 0
580.73890 1
580.97978 2
581.22067 0
581.46155 1
581.70243 0
581.94332 0
582.18420 0
582.42508 0
582.66597 0
582.90685 1
583.14773 0
583.38861 0
583.62950 0
583.87038 1
584.11126 3
584.35215 3
584.59303 0
584.83391 1
585.07480 3
585.31568 0
585.55656 2
585.79744 0
586.03833 1
586.27921 2
586.52009 1
586.76098 0
587.00186 0
587.24274 1
587.48363 0
587.72451 2
587.96539 1
588.20627 0
588.44716 0
588.68804 0
588.92892 1
589.16981 0
589.41069 0
589.65157 5
589.89246 2
590.13334 0
590.37422 0
590.61511 0
590.85599 1
591.09687 0
591.33775 1
591.57864 0
591.81952 0
592.06040 0
592.30129 4
592.54217 1
592.78305 0
593.02394 1
593.26482 3
593.50570 0
593.74658 0
593.98747 0
594.22835 2
594.46923 2
594.71012 0
594.95100 0
595.19188 0
595.43277 2
595.67365 0
595.91453 0
596.15541 1
596.39630 1
596.63718 1
596.87806 0
597.11895 0
597.35983 2
597.60071 0
597.84160 0
598.08248 2
598.32336 0
598.56424 2
598.80513 1
599.04601 0
599.28689 0
599.52778 3
599.76866 0
600.00954 0
600.25043 1
600.49131 0
600.73219 0
600.97308 0
601.21396 0
601.45484 2
601.69572 2
601.93661 0
602.17749 0
602.41837 0
602.65926 0
602.90014 3
603.14102 0
603.38191 1
603.62279 1
603.86367 3
604.10455 0
604.34544 3
604.58632 0
604.82720 4
605.06809 7
605.30897 1
605.54985 0
605.79074 2
606.03162 1
606.27250 4
606.51338 3
606.75427 2
606.99515 2
607.23603 2
607.47692 0
607.71780 1
607.95868 1
608.19957 0
608.44045 0
608.68133 0
608.92221 0
609.16310 0
609.40398 2
609.64486 2
609.88575 1
610.12663 2
610.36751 0
610.60840 2
610.84928 0
611.09016 1
611.33105 3
611.57193 0
611.81281 0
612.05369 2
612.29458 0
612.53546 2
612.77634 0
613.01723 2
613.25811 0
613.49899 2
613.73988 0
613.98076 1
614.22164 2
614.46252 4
614.70341 0
614.94429 1
615.18517 2
615.42606 0
615.66694 2
615.90782 1
616.14871 3
616.38959 0
616.63047 0
616.87135 0
617.11224 1
617.35312 0
617.59400 3
617.83489 2
618.07577 0
618.31665 1
618.55754 0
618.79842 1
619.03930 2
619.28018 1
619.52107 0
619.76195 1
620.00283 0
620.24372 0
620.48460 4
620.72548 0
620.96637 0
621.20725 0
621.44813 0
621.68902 3
621.92990 1
622.17078 0
622.41166 0
622.65255 6
622.89343 1
623.13431 0
623.37520 3
623.61608 0
623.85696 0
624.09785 3
624.33873 1
624.57961 0
624.82049 1
625.06138 1
625.30226 1
625.54314 0
625.78403 3
626.02491 0
626.26579 1
626.50668 0
626.74756 0
626.98844 2
627.22932 3
627.47021 1
627.71109 3
627.95197 1
628.19286 0
628.43374 0
628.67462 4
628.91551 2
629.15639 0
629.39727 3
629.63815 0
629.87904 1
630.11992 1
630.36080 0
630.60169 0
630.84257 3
631.08345 2
631.32434 0
631.56522 3
631.80610 0
632.04699 4
632.28787 0
632.52875 1
632.76963 1
633.01052 0
633.25140 0
633.49228 0
633.73317 1
633.97405 0
634.21493 0
634.45582 2
634.69670 1
634.93758 0
635.17846 3
635.41935 1
635.66023 0
635.90111 0
636.14200 0
636.38288 1
636.62376 1
636.86465 1
637.10553 1
637.34641 3
637.58729 0
637.82818 0
638.06906 0
638.30994 0
638.55083 0
638.79171 1
639.03259 0
639.27348 1
639.51436 0
639.75524 0
639.99612 4
640.23701 0
640.47789 0
640.71877 0
640.95966 0
641.20054 0
641.44142 0
641.68231 2
641.92319 1
642.16407 0
642.40496 0
642.64584 0
642.88672 2
643.12760 2
643.36849 0
643.60937 0
643.85025 0
644.09114 0
644.33202 0
644.57290 0
644.81379 0
645.05467 0
645.29555 0
645.53643 1
645.77732 0
646.01820 3
646.25908 0
646.49997 1
646.74085 1
646.98173 0
647.22262 0
647.46350 0
647.70438 0
647.94526 1
648.18615 1
648.42703 0
648.66791 1
648.90880 0
649.14968 0
649.39056 0
649.63145 0
649.87233 0
650.11321 0
650.35409 0
650.59498 1
650.83586 0
651.07674 1
651.31763 1
651.55851 1
651.79939 0
652.04028 0
652.28116 0
652.52204 0
652.76293 2
653.00381 0
653.24469 0
653.48557 2
653.72646 0
653.96734 0
654.20822 1
654.44911 0
654.68999 1
654.93087 0
655.17176 1
655.41264 0
655.65352 0
655.89440 0
656.13529 0
656.37617 0
656.61705 0
656.85794 1
657.09882 1
657.33970 0
657.58059 0
657.82147 0
658.06235 0
658.30323 1
658.54412 0
658.78500 4
659.02588 0
659.26677 0
659.50765 0
659.74853 1
659.98942 0
660.23030 0
660.47118 0
660.71206 0
660.95295 0
661.19383 0
661.43471 0
661.67560 0
661.91648 1
662.15736 0
662.39825 0
662.63913 1
662.88001 0
663.12090 0
663.36178 0
663.60266 0
663.84354 0
664.08443 0
664.32531 0
664.56619 0
664.80708 0
665.04796 0
665.28884 0
665.52973 1
665.77061 0
666.01149 0
666.25237 0
666.49326 3
666.73414 0
666.97502 0
667.21591 0
667.45679 0
667.69767 0
667.93856 0
668.17944 0
668.42032 0
668.66120 0
668.90209 0
669.14297 0
669.38385 0
669.62474 0
669.86562 0
670.10650 1
670.34739 0
670.58827 0
670.82915 0
671.07003 0
671.31092 0
671.55180 0
671.79268 0
672.03357 1
672.27445 0
672.51533 0
672.75622 0
672.99710 1
673.23798 2
673.47887 0
673.71975 0
673.96063 1
674.20151 0
674.44240 0
674.68328 0
674.92416 0
675.16505 0
675.40593 2
675.64681 3
675.88770 0
676.12858 2
676.36946 1
676.61034 0
676.85123 0
677.09211 0
677.33299 0
677.57388 4
677.81476 0
678.05564 3
678.29653 0
678.53741 0
678.77829 0
679.01917 0
679.26006 0
679.50094 0
679.74182 0
679.98271 0
680.22359 0
680.46447 0
680.70536 0
680.94624 0
681.18712 1
681.42800 0
681.66889 4
681.90977 0
682.15065 0
682.39154 0
682.63242 1
682.87330 0
683.11419 0
683.35507 0
683.59595 1
683.83684 0
684.07772 0
684.31860 0
684.55948 0
684.80037 0
685.04125 0
685.28213 0
685.52302 2
685.76390 0
686.00478 1
686.24567 0
686.48655 1
686.72743 0
686.96831 0
687.20920 0
687.45008 2
687.69096 0
687.93185 0
688.17273 0
688.41361 0
688.65450 0
688.89538 3
689.13626 0
689.37714 0
689.61803 1
689.85891 0
690.09979 0
690.34068 0
690.58156 0
690.82244 0
691.06333 3
691.30421 0
691.54509 3
691.78597 2
692.02686 3
692.26774 1
692.50862 0
692.74951 0
692.99039 0
693.23127 2
693.47216 2
693.71304 1
693.95392 0
694.19480 2
694.43569 2
694.67657 2
694.91745 1
695.15834 0
695.39922 1
695.64010 2
695.88099 0
696.12187 3
696.36275 0
696.60364 3
696.84452 3
697.08540 2
697.32628 2
697.56717 0
697.80805 1
698.04893 0
698.28982 0
698.53070 1
698.77158 0
699.01247 1
699.25335 0
699.49423 0
699.73511 0
699.97600 2
700.21688 1
700.45776 2
700.69865 0
700.93953 0
701.18041 1
701.42130 0
701.66218 0
701.90306 0
702.14394 0
702.38483 0
702.62571 1
702.86659 2
703.10748 2
703.34836 0
703.58924 1
703.83013 0
704.07101 2
704.31189 1
704.55277 0
704.79366 2
705.03454 0
705.27542 0
705.51631 0
705.75719 2
705.99807 2
706.23896 0
706.47984 2
706.72072 1
706.96161 3
707.20249 1
707.44337 0
707.68425 2
707.92514 0
708.16602 0
708.40690 1
708.64779 0
708.88867 0
709.12955 0
709.37044 1
709.61132 0
709.85220 0
710.09308 0
710.33397 0
710.57485 0
710.81573 0
711.05662 1
711.29750 0
711.53838 2
711.77927 0
712.02015 0
712.26103 1
712.50191 0
712.74280 0
712.98368 0
713.22456 0
713.46545 1
713.70633 1
713.94721 1
714.18810 1
714.42898 1
714.66986 0
714.91074 2
715.15163 0
715.39251 1
715.63339 0
715.87428 0
716.11516 0
716.35604 2
716.59693 0
716.83781 0
717.07869 2
717.31958 1
717.56046 2
717.80134 0
718.04222 3
718.28311 1
718.52399 0
718.76487 0
719.00576 1
719.24664 2
719.48752 2
719.72841 0
719.96929 0
720.21017 1
720.45105 0
720.69194 1
720.93282 2
721.17370 1
721.41459 1
721.65547 0
721.89635 0
722.13724 0
722.37812 0
722.61900 0
722.85988 0
723.10077 0
723.34165 0
723.58253 0
723.82342 0
724.06430 3
724.30518 0
724.54607 2
724.78695 0
725.02783 4
725.26871 0
725.50960 0
725.75048 1
725.99136 0
726.23225 2
726.47313 0
726.71401 1
726.95490 0
727.19578 0
727.43666 0
727.67755 1
727.91843 0
728.15931 0
728.40019 0
728.64108 0
728.88196 0
729.12284 0
729.36373 0
729.60461 1
729.84549 0
730.08638 0
730.32726 0
730.56814 1
730.80902 1
731.04991 0
731.29079 0
731.53167 1
731.77256 0
732.01344 0
732.25432 3
732.49521 0
732.73609 1
732.97697 1
733.21785 0
733.45874 0
733.69962 2
733.94050 2
734.18139 0
734.42227 1
734.66315 2
734.90404 1
735.14492 1
735.38580 0
735.62668 1
735.86757 1
736.10845 0
736.34933 4
736.59022 1
736.83110 0
737.07198 1
737.31287 0
737.55375 0
737.79463 0
738.03552 0
738.27640 2
738.51728 0
738.75816 0
738.99905 0
739.23993 0
739.48081 3
739.72170 2
739.96258 2
740.20346 0
740.44435 2
740.68523 0
740.92611 0
741.16699 1
741.40788 1
741.64876 0
741.88964 0
742.13053 2
742.37141 0
742.61229 1
742.85318 0
743.09406 0
743.33494 0
743.57582 0
743.81671 0
744.05759 1
744.29847 0
744.53936 0
744.78024 1
745.02112 0
745.26201 2
745.50289 0
745.74377 1
745.98465 0
746.22554 0
746.46642 1
746.70730 0
746.94819 2
747.18907 0
747.42995 2
747.67084 0
747.91172 3
748.15260 1
748.39349 0
748.63437 2
748.87525 3
749.11613 2
749.35702 0
749.59790 0
749.83878 0
750.07967 0
750.32055 1
750.56143 0
750.80232 0
751.04320 1
751.28408 3
751.52496 0
751.76585 0
752.00673 0
752.24761 1
752.48850 0
752.72938 1
752.97026 0
753.21115 0
753.45203 1
753.69291 1
753.93379 1
754.17468 0
754.41556 1
754.65644 0
754.89733 1
755.13821 1
755.37909 0
755.61998 0
755.86086 1
756.10174 0
756.34262 0
756.58351 1
756.82439 0
757.06527 1
757.30616 1
757.54704 0
757.78792 3
758.02881 0
758.26969 1
758.51057 0
758.75146 0
758.99234 0
759.23322 2
759.47410 2
759.71499 1
759.95587 0
760.19675 0
760.43764 1
760.67852 0
760.91940 0
761.16029 0
761.40117 0
761.64205 3
761.88293 1
762.12382 0
762.36470 1
762.60558 0
762.84647 0
763.08735 0
763.32823 0
763.56912 1
763.81000 0
764.05088 1
764.29176 0
764.53265 2
764.77353 2
765.01441 0
765.25530 1
765.49618 0
765.73706 0
765.97795 1
766.21883 3
766.45971 0
766.70059 0
766.94148 4
767.18236 1
767.42324 2
767.66413 0
767.90501 0
768.14589 0
768.38678 0
768.62766 0
768.86854 0
769.10943 0
769.35031 0
769.59119 2
769.83207 0
770.07296 0
770.31384 0
770.55472 0
770.79561 0
771.03649 0
771.27737 0
771.51826 1
771.75914 1
772.00002 5
772.24090 0
772.48179 0
772.72267 0
772.96355 0
773.20444 1
773.44532 0
773.68620 0
773.92709 0
774.16797 0
774.40885 0
774.64973 0
774.89062 0
775.13150 1
775.37238 0
775.61327 1
775.85415 0
776.09503 1
776.33592 0
776.57680 1
776.81768 1
777.05856 0
777.29945 0
777.54033 3
777.78121 1
778.02210 0
778.26298 0
778.50386 0
778.74475 1
778.98563 0
779.22651 0
779.46740 0
779.70828 1
779.94916 0
780.19004 0
780.43093 0
780.67181 0
780.91269 2
781.15358 1
781.39446 0
781.63534 1
781.87623 2
782.11711 2
782.35799 1
782.59887 0
782.83976 1
783.08064 0
783.32152 0
783.56241 0
783.80329 0
784.04417 3
784.28506 2
784.52594 0
784.76682 0
785.00770 0
785.24859 2
785.48947 0
785.73035 0
785.97124 0
786.21212 1
786.45300 0
786.69389 0
786.93477 0
787.17565 2
787.41653 0
787.65742 0
787.89830 2
788.13918 1
788.38007 1
788.62095 0
788.86183 0
789.10272 2
789.34360 0
789.58448 0
789.82537 6
790.06625 0
790.30713 1
790.54801 0
790.78890 0
791.02978 0
791.27066 1
791.51155 0
791.75243 0
791.99331 0
792.23420 0
792.47508 0
792.71596 0
792.95684 0
793.19773 0
793.43861 0
793.67949 0
793.92038 0
794.16126 0
794.40214 0
794.64303 0
794.88391 1
795.12479 0
795.36567 0
795.60656 0
795.84744 0
796.08832 0
796.32921 0
796.57009 0
796.81097 0
797.05186 2
797.29274 1
797.53362 0
797.77450 1
798.01539 0
798.25627 0
798.49715 0
798.73804 1
798.97892 0
799.21980 0
799.46069 1
799.70157 0
799.94245 0
800.18334 0
800.42422 0
800.66510 0
800.90598 1
801.14687 0
801.38775 2
801.62863 0
801.86952 0
802.11040 0
802.35128 0
802.59217 0
802.83305 1
803.07393 1
803.31481 0
803.55570 1
803.79658 0
804.03746 0
804.27835 1
804.51923 0
804.76011 0
805.00100 1
805.24188 0
805.48276 0
805.72364 2
805.96453 0
806.20541 0
806.44629 1
806.68718 1
806.92806 0
807.16894 2
807.40983 0
807.65071 0
807.89159 0
808.13247 0
808.37336 1
808.61424 0
808.85512 0
809.09601 0
809.33689 2
809.57777 0
809.81866 0
810.05954 0
810.30042 0
810.54131 0
810.78219 3
811.02307 0
811.26395 1
811.50484 1
811.74572 1
811.98660 0
812.22749 1
812.46837 0
812.70925 0
812.95014 0
813.19102 0
813.43190 0
813.67278 0
813.91367 0
814.15455 0
814.39543 0
814.63632 0
814.87720 0
815.11808 0
815.35897 1
815.59985 1
815.84073 0
816.08161 1
816.32250 2
816.56338 0
816.80426 0
817.04515 0
817.28603 0
817.52691 0
817.76780 2
818.00868 1
818.24956 0
818.49044 1
818.73133 0
818.97221 0
819.21309 0
819.45398 0
819.69486 0
819.93574 1
820.17663 0
820.41751 0
820.65839 0
820.89928 1
821.14016 1
821.38104 0
821.62192 0
821.86281 0
822.10369 0
822.34457 0
822.58546 0
822.82634 0
823.06722 0
823.30811 0
823.54899 0
823.78987 1
824.03075 0
824.27164 0
824.51252 0
824.75340 0
824.99429 0
825.23517 0
825.47605 1
825.71694 1
825.95782 0
826.19870 0
826.43958 2
826.68047 1
826.92135 2
827.16223 2
827.40312 0
827.64400 0
827.88488 2
828.12577 0
828.36665 2
828.60753 3
828.84841 0
829.08930 0
829.33018 0
829.57106 0
829.81195 0
830.05283 0
830.29371 0
830.53460 0
830.77548 0
831.01636 0
831.25725 0
831.49813 0
831.73901 0
831.97989 0
832.22078 0
832.46166 3
832.70254 0
832.94343 0
833.18431 0
833.42519 0
833.66608 0
833.90696 0
834.14784 0
834.38872 0
834.62961 1
834.87049 0
835.11137 0
835.35226 0
835.59314 0
835.83402 0
836.07491 0
836.31579 0
836.55667 0
836.79755 0
837.03844 0
837.27932 0
837.52020 0
837.76109 2
838.00197 1
838.24285 0
838.48374 1
838.72462 1
838.96550 1
839.20638 1
839.44727 0
839.68815 0
839.92903 1
840.16992 0
840.41080 0
840.65168 0
840.89257 0
841.13345 0
841.37433 0
841.61522 0
841.85610 0
842.09698 0
842.33786 0
842.57875 0
842.81963 0
843.06051 0
843.30140 0
843.54228 0
843.78316 2
844.02405 0
844.26493 0
844.50581 0
844.74669 0
844.98758 0
845.22846 1
845.46934 1
845.71023 1
845.95111 0
846.19199 0
846.43288 0
846.67376 0
846.91464 0
847.15552 0
847.39641 0
847.63729 0
847.87817 0
848.11906 0
848.35994 0
848.60082 2
848.84171 0
849.08259 0
849.32347 0
849.56435 0
849.80524 0
850.04612 0
850.28700 0
850.52789 0
850.76877 0
851.00965 0
851.25054 0
851.49142 0
851.73230 0
851.97319 1
852.21407 1
852.45495 0
852.69583 0
852.93672 0
853.17760 0
853.41848 0
853.65937 0
853.90025 0
854.14113 0
854.38202 0
854.62290 0
854.86378 0
855.10466 0
855.34555 0
855.58643 0
855.82731 0
856.06820 0
856.30908 0
856.54996 0
856.79085 0
857.03173 0
857.27261 1
857.51349 0
857.75438 0
857.99526 0
858.23614 0
858.47703 0
858.71791 0
858.95879 1
859.19968 0
859.44056 1
859.68144 0
859.92232 0
860.16321 0
860.40409 0
860.64497 0
860.88586 1
861.12674 0
861.36762 0
861.60851 0
861.84939 0
862.09027 0
862.33116 0
862.57204 0
862.81292 0
863.05380 0
863.29469 0
863.53557 0
863.77645 0
864.01734 0
864.25822 0
864.49910 0
864.73999 0
864.98087 0
865.22175 0
865.46263 0
865.70352 0
865.94440 0
866.18528 0
866.42617 0
866.66705 0
866.90793 0
867.14882 0
867.38970 0
867.63058 1
867.87146 1
868.11235 0
868.35323 0
868.59411 1
868.83500 0
869.07588 0
869.31676 0
869.55765 0
869.79853 0
870.03941 1
870.28029 0
870.52118 0
870.76206 0
871.00294 0
871.24383 0
871.48471 0
871.72559 0
871.96648 1
872.20736 0
872.44824 0
872.68913 0
872.93001 0
873.17089 0
873.41177 0
873.65266 0
873.89354 0
874.13442 0
874.37531 1
874.61619 0
874.85707 1
875.09796 0
875.33884 0
875.57972 0
875.82060 0
876.06149 0
876.30237 0
876.54325 0
876.78414 0
877.02502 0
877.26590 0
877.50679 0
877.74767 0
877.98855 0
878.22943 1
878.47032 0
878.71120 0
878.95208 0
879.19297 0
879.43385 0
879.67473 0
879.91562 0
880.15650 0
880.39738 0
880.63826 0
880.87915 0
881.12003 0
881.36091 0
881.60180 0
881.84268 0
882.08356 0
882.32445 1
882.56533 1
882.80621 0
883.04710 0
883.28798 0
883.52886 1
883.76974 0
884.01063 0
884.25151 0
884.49239 0
884.73328 0
884.97416 1
885.21504 2
885.45593 1
885.69681 0
885.93769 1
886.17857 1
886.41946 0
886.66034 1
886.90122 1
887.14211 2
887.38299 1
887.62387 2
887.86476 0
888.10564 0
888.34652 1
888.58740 0
888.82829 0
889.06917 0
889.31005 0
889.55094 1
889.79182 2
890.03270 0
890.27359 0
890.51447 0
890.75535 0
890.99623 0
891.23712 0
891.47800 2
891.71888 0
891.95977 0
892.20065 2
892.44153 0
892.68242 0
892.92330 1
893.16418 1
893.40507 1
893.64595 1
893.88683 0
894.12771 1
894.36860 0
894.60948 0
894.85036 1
895.09125 0
895.33213 3
895.57301 2
895.81390 1
896.05478 1
896.29566 1
896.53654 0
896.77743 1
897.01831 0
897.25919 3
897.50008 0
897.74096 0
897.98184 0
898.22273 2
898.46361 0
898.70449 2
898.94537 0
899.18626 0
899.42714 0
899.66802 2
899.90891 0
900.14979 0
900.39067 0
900.63156 0
900.87244 0
901.11332 0
901.35420 0
901.59509 2
901.83597 0
902.07685 0
902.31774 0
902.55862 1
902.79950 2
903.04039 0
903.28127 2
903.52215 3
903.76304 0
904.00392 0
904.24480 4
904.48568 0
904.72657 1
904.96745 2
905.20833 1
905.44922 2
905.69010 0
905.93098 1
906.17187 0
906.41275 0
906.65363 1
906.89451 0
907.13540 0
907.37628 0
907.61716 1
907.85805 0
908.09893 2
908.33981 2
908.58070 2
908.82158 2
909.06246 3
909.30334 2
909.54423 1
909.78511 0
910.02599 1
910.26688 2
910.50776 0
910.74864 3
910.98953 2
911.23041 1
911.47129 0
911.71217 0
911.95306 0
912.19394 2
912.43482 0
912.67571 0
912.91659 1
913.15747 2
913.39836 1
913.63924 2
913.88012 1
914.12101 0
914.36189 4
914.60277 0
914.84365 1
915.08454 1
915.32542 0
915.56630 2
915.80719 1
916.04807 1
916.28895 1
916.52984 0
916.77072 3
917.01160 1
917.25248 1
917.49337 0
917.73425 2
917.97513 2
918.21602 1
918.45690 2
918.69778 1
918.93867 2
919.17955 1
919.42043 1
919.66131 0
919.90220 0
920.14308 1
920.38396 0
920.62485 2
920.86573 0
921.10661 0
921.34750 1
921.58838 1
921.82926 0
922.07014 2
922.31103 2
922.55191 0
922.79279 1
923.03368 1
923.27456 1
923.51544 0
923.75633 2
923.99721 0
924.23809 2
924.47898 2
924.71986 0
924.96074 2
925.20162 0
925.44251 2
925.68339 0
925.92427 1
926.16516 1
926.40604 0
926.64692 1
926.88781 0
927.12869 3
927.36957 0
927.61045 0
927.85134 1
928.09222 0
928.33310 1
928.57399 0
928.81487 1
929.05575 1
929.29664 2
929.53752 3
929.77840 1
930.01928 2
930.26017 0
930.50105 0
930.74193 0
930.98282 0
931.22370 0
931.46458 1
931.70547 0
931.94635 1
932.18723 4
932.42811 0
932.66900 0
932.90988 0
933.15076 2
933.39165 1
933.63253 1
933.87341 2
934.11430 5
934.35518 0
934.59606 1
934.83695 2
935.07783 0
935.31871 0
935.55959 0
935.80048 0
936.04136 2
936.28224 1
936.52313 0
936.76401 0
937.00489 1
937.24578 1
937.48666 0
937.72754 2
937.96842 2
938.20931 0
938.45019 1
938.69107 2
938.93196 1
939.17284 0
939.41372 0
939.65461 1
939.89549 0
940.13637 1
940.37725 2
940.61814 1
940.85902 0
941.09990 1
941.34079 2
941.58167 1
941.82255 2
942.06344 1
942.30432 2
942.54520 0
942.78608 2
943.02697 0
943.26785 3
943.50873 0
943.74962 1
943.99050 1
944.23138 1
944.47227 0
944.71315 0
944.95403 2
945.19492 0
945.43580 0
945.67668 0
945.91756 0
946.15845 3
946.39933 2
946.64021 0
946.88110 0
947.12198 0
947.36286 1
947.60375 0
947.84463 0
948.08551 0
948.32639 0
948.56728 0
948.80816 0
949.04904 1
949.28993 2
949.53081 0
949.77169 0
950.01258 0
950.25346 2
950.49434 1
950.73522 0
950.97611 2
951.21699 0
951.45787 2
951.69876 0
951.93964 0
952.18052 1
952.42141 2
952.66229 2
952.90317 1
953.14405 0
953.38494 0
953.62582 1
953.86670 3
954.10759 1
954.34847 2
954.58935 2
954.83024 0
955.07112 0
955.31200 1
955.55289 1
955.79377 2
956.03465 1
956.27553 2
956.51642 3
956.75730 0
956.99818 2
957.23907 1
957.47995 0
957.72083 1
957.96172 0
958.20260 1
958.44348 2
958.68436 0
958.92525 0
959.16613 2
959.40701 2
959.64790 1
959.88878 3
960.12966 1
960.37055 0
960.61143 0
960.85231 1
961.09319 0
961.33408 3
961.57496 1
961.81584 0
962.05673 1
962.29761 1
962.53849 0
962.77938 2
963.02026 0
963.26114 0
963.50202 0
963.74291 1
963.98379 0
964.22467 2
964.46556 0
964.70644 2
964.94732 2
965.18821 2
965.42909 1
965.66997 1
965.91086 1
966.15174 2
966.39262 2
966.63350 1
966.87439 0
967.11527 1
967.35615 0
967.59704 0
967.83792 2
968.07880 1
968.31969 0
968.56057 0
968.80145 0
969.04233 1
969.28322 0
969.52410 0
969.76498 0
970.00587 1
970.24675 1
970.48763 0
970.72852 1
970.96940 1
971.21028 1
971.45116 0
971.69205 0
971.93293 1
972.17381 0
972.41470 2
972.65558 0
972.89646 0
973.13735 1
973.37823 0
973.61911 0
973.85999 0
974.10088 0
974.34176 1
974.58264 1
974.82353 0
975.06441 0
975.30529 1
975.54618 1
975.78706 1
976.02794 1
976.26883 0
976.50971 0
976.75059 0
976.99147 0
977.23236 2
977.47324 2
977.71412 2
977.95501 0
978.19589 3
978.43677 0
978.67766 0
978.91854 0
979.15942 1
979.40030 1
979.64119 3
979.88207 0
980.12295 0
980.36384 0
980.60472 0
980.84560 1
981.08649 1
