# energy_keV counts
-5.32949 0
-5.08861 0
-4.84773 0
-4.60684 0
-4.36596 0
-4.12508 0
-3.88420 0
-3.64331 0
-3.40243 0
-3.16155 0
-2.92066 0
-2.67978 0
-2.43890 0
-2.19801 0
-1.95713 0
-1.71625 0
-1.47537 0
-1.23448 0
-0.99360 0
-0.75272 0
-0.51183 0
-0.27095 0
-0.03007 0
0.21082 0
0.45170 0
0.69258 0
0.93346 0
1.17435 0
1.41523 0
1.65611 0
1.89700 0
2.13788 0
2.37876 0
2.61965 0
2.86053 0
3.10141 0
3.34229 0
3.58318 0
3.82406 0
4.06494 0
4.30583 0
4.54671 651
4.78759 1606
5.02848 1562
5.26936 1508
5.51024 1388
5.75113 1295
5.99201 1265
6.23289 1241
6.47377 1158
6.71466 1116
6.95554 1122
7.19642 1185
7.43731 1093
7.67819 1074
7.91907 1114
8.15996 1094
8.40084 1110
8.64172 1055
8.88260 1147
9.12349 1106
9.36437 1138
9.60525 1061
9.84614 1132
10.08702 1052
10.32790 1072
10.56879 1042
10.80967 1106
11.05055 1146
11.29143 1060
11.53232 1128
11.77320 1071
12.01408 1090
12.25497 1100
12.49585 1095
12.73673 1168
12.97762 1115
13.21850 1117
13.45938 1139
13.70026 1082
13.94115 1128
14.18203 1134
14.42291 1141
14.66380 1136
14.90468 1147
15.14556 1141
15.38645 1200
15.62733 1147
15.86821 1170
16.10910 1120
16.34998 1141
16.59086 1168
16.83174 1158
17.07263 1212
17.31351 1146
17.55439 1159
17.79528 1216
18.03616 1205
18.27704 1203
18.51793 1175
18.75881 1195
18.99969 1203
19.24057 1187
19.48146 1258
19.72234 1277
19.96322 1243
20.20411 1231
20.44499 1199
20.68587 1282
20.92676 1253
21.16764 1284
21.40852 1331
21.64940 1278
21.89029 1299
22.13117 1267
22.37205 1187
22.61294 1297
22.85382 1375
23.09470 1348
23.33559 1392
23.57647 1360
23.81735 1413
24.05823 1520
24.29912 1465
24.54000 1530
24.78088 1548
25.02177 1572
25.26265 1804
25.50353 1771
25.74442 1821
25.98530 1908
26.22618 1969
26.46707 2114
26.70795 2300
26.94883 2361
27.18971 2499
27.43060 2791
27.67148 2997
27.91236 3177
28.15325 3314
28.39413 3660
28.63501 3939
28.87590 4248
29.11678 4711
29.35766 4984
29.59854 5444
29.83943 5960
30.08031 6280
30.32119 6625
30.56208 7146
30.80296 7717
31.04384 8102
31.28473 8389
31.52561 8839
31.76649 9120
32.00737 9173
32.24826 9326
32.48914 9309
32.73002 9036
32.97091 9071
33.21179 8767
33.45267 8575
33.69356 8188
33.93444 7561
34.17532 7098
34.41620 6584
34.65709 6150
34.89797 5791
35.13885 5355
35.37974 4954
35.62062 4553
35.86150 4267
36.10239 4086
36.34327 3780
36.58415 3639
36.82504 3573
37.06592 3453
37.30680 3335
37.54768 3170
37.78857 2989
38.02945 2936
38.27033 2570
38.51122 2774
38.75210 2643
38.99298 2538
39.23387 2344
39.47475 2259
39.71563 2218
39.95651 2048
40.19740 1941
40.43828 1874
40.67916 1737
40.92005 1679
41.16093 1583
41.40181 1552
41.64270 1442
41.88358 1390
42.12446 1357
42.36534 1318
42.60623 1286
42.84711 1330
43.08799 1234
43.32888 1263
43.56976 1167
43.81064 1235
44.05153 1177
44.29241 1197
44.53329 1168
44.77417 1238
45.01506 1173
45.25594 1126
45.49682 1137
45.73771 1162
45.97859 1211
46.21947 1145
46.46036 1187
46.70124 1151
46.94212 1174
47.18301 1218
47.42389 1139
47.66477 1186
47.90565 1154
48.14654 1113
48.38742 1147
48.62830 1171
48.86919 1147
49.11007 1166
49.35095 1093
49.59184 1142
49.83272 1149
50.07360 1180
50.31448 1175
50.55537 1116
50.79625 1116
51.03713 1179
51.27802 1190
51.51890 1153
51.75978 1112
52.00067 1127
52.24155 1175
52.48243 1171
52.72331 1134
52.96420 1149
53.20508 1224
53.44596 1158
53.68685 1159
53.92773 1179
54.16861 1140
54.40950 1142
54.65038 1117
54.89126 1140
55.13214 1138
55.37303 1083
55.61391 1124
55.85479 1102
56.09568 1125
56.33656 1152
56.57744 1153
56.81833 1149
57.05921 1211
57.30009 1167
57.54098 1163
57.78186 1145
58.02274 1165
58.26362 1172
58.50451 1138
58.74539 1179
58.98627 1194
59.22716 1219
59.46804 1193
59.70892 1165
59.94981 1180
60.19069 1173
60.43157 1208
60.67245 1154
60.91334 1134
61.15422 1184
61.39510 1160
61.63599 1167
61.87687 1157
62.11775 1243
62.35864 1132
62.59952 1268
62.84040 1173
63.08128 1204
63.32217 1193
63.56305 1198
63.80393 1231
64.04482 1224
64.28570 1173
64.52658 1211
64.76747 1174
65.00835 1138
65.24923 1260
65.49011 1204
65.73100 1174
65.97188 1206
66.21276 1192
66.45365 1164
66.69453 1206
66.93541 1157
67.17630 1144
67.41718 1191
67.65806 1182
67.89895 1228
68.13983 1188
68.38071 1242
68.62159 1230
68.86248 1157
69.10336 1153
69.34424 1201
69.58513 1232
69.82601 1217
70.06689 1234
70.30778 1166
70.54866 1288
70.78954 1281
71.03042 1294
71.27131 1196
71.51219 1219
71.75307 1219
71.99396 1268
72.23484 1265
72.47572 1252
72.71661 1288
72.95749 1241
73.19837 1277
73.43925 1281
73.68014 1237
73.92102 1274
74.16190 1294
74.40279 1290
74.64367 1242
74.88455 1300
75.12544 1262
75.36632 1395
75.60720 1294
75.84808 1380
76.08897 1426
76.32985 1349
76.57073 1318
76.81162 1368
77.05250 1374
77.29338 1379
77.53427 1395
77.77515 1360
78.01603 1357
78.25692 1376
78.49780 1413
78.73868 1401
78.97956 1443
79.22045 1441
79.46133 1465
79.70221 1413
79.94310 1489
80.18398 1400
80.42486 1441
80.66575 1342
80.90663 1360
81.14751 1392
81.38839 1303
81.62928 1329
81.87016 1334
82.11104 1379
82.35193 1390
82.59281 1422
82.83369 1336
83.07458 1401
83.31546 1337
83.55634 1300
83.79722 1318
84.03811 1294
84.27899 1289
84.51987 1249
84.76076 1274
85.00164 1282
85.24252 1232
85.48341 1268
85.72429 1238
85.96517 1235
86.20605 1271
86.44694 1191
86.68782 1283
86.92870 1254
87.16959 1249
87.41047 1286
87.65135 1214
87.89224 1258
88.13312 1200
88.37400 1285
88.61489 1207
88.85577 1235
89.09665 1221
89.33753 1303
89.57842 1265
89.81930 1266
90.06018 1256
90.30107 1206
90.54195 1283
90.78283 1254
91.02372 1257
91.26460 1301
91.50548 1233
91.74636 1212
91.98725 1262
92.22813 1282
92.46901 1238
92.70990 1185
92.95078 1247
93.19166 1190
93.43255 1267
93.67343 1167
93.91431 1225
94.15519 1252
94.39608 1290
94.63696 1183
94.87784 1214
95.11873 1174
95.35961 1204
95.60049 1181
95.84138 1193
96.08226 1197
96.32314 1177
96.56402 1137
96.80491 1198
97.04579 1139
97.28667 1111
97.52756 1099
97.76844 1214
98.00932 1136
98.25021 1159
98.49109 1092
98.73197 1160
98.97286 1178
99.21374 1195
99.45462 1195
99.69550 1165
99.93639 1176
100.17727 1174
100.41815 1234
100.65904 1147
100.89992 1228
101.14080 1175
101.38169 1156
101.62257 1098
101.86345 1144
102.10433 1062
102.34522 1142
102.58610 1091
102.82698 1167
103.06787 1112
103.30875 1093
103.54963 1173
103.79052 1067
104.03140 1115
104.27228 1138
104.51316 1166
104.75405 1133
104.99493 1141
105.23581 1154
105.47670 1157
105.71758 1152
105.95846 1189
106.19935 1158
106.44023 1124
106.68111 1170
106.92199 1180
107.16288 1150
107.40376 1224
107.64464 1108
107.88553 1133
108.12641 1192
108.36729 1172
108.60818 1126
108.84906 1146
109.08994 1158
109.33083 1130
109.57171 1190
109.81259 1184
110.05347 1111
110.29436 1158
110.53524 1112
110.77612 1114
111.01701 1122
111.25789 1160
111.49877 1210
111.73966 1077
111.98054 1171
112.22142 1180
112.46230 1126
112.70319 1140
112.94407 1182
113.18495 1202
113.42584 1172
113.66672 1222
113.90760 1144
114.14849 1177
114.38937 1153
114.63025 1128
114.87113 1173
115.11202 1139
115.35290 1128
115.59378 1128
115.83467 1124
116.07555 1220
116.31643 1155
116.55732 1145
116.79820 1111
117.03908 1107
117.27996 1207
117.52085 1205
117.76173 1192
118.00261 1161
118.24350 1156
118.48438 1173
118.72526 1205
118.96615 1168
119.20703 1136
119.44791 1140
119.68879 1163
119.92968 1141
120.17056 1151
120.41144 1153
120.65233 1136
120.89321 1165
121.13409 1244
121.37498 1130
121.61586 1164
121.85674 1155
122.09763 1111
122.33851 1150
122.57939 1187
122.82027 1104
123.06116 1149
123.30204 1120
123.54292 1215
123.78381 1210
124.02469 1174
124.26557 1181
124.50646 1174
124.74734 1209
124.98822 1139
125.22910 1206
125.46999 1168
125.71087 1240
125.95175 1157
126.19264 1123
126.43352 1156
126.67440 1167
126.91529 1135
127.15617 1292
127.39705 1193
127.63793 1226
127.87882 1180
128.11970 1147
128.36058 1220
128.60147 1221
128.84235 1164
129.08323 1149
129.32412 1228
129.56500 1194
129.80588 1182
130.04676 1260
130.28765 1152
130.52853 1139
130.76941 1171
131.01030 1152
131.25118 1203
131.49206 1163
131.73295 1183
131.97383 1159
132.21471 1225
132.45560 1158
132.69648 1175
132.93736 1213
133.17824 1195
133.41913 1175
133.66001 1182
133.90089 1152
134.14178 1125
134.38266 1163
134.62354 1229
134.86443 1163
135.10531 1146
135.34619 1204
135.58707 1153
135.82796 1202
136.06884 1203
136.30972 1212
136.55061 1182
136.79149 1115
137.03237 1147
137.27326 1232
137.51414 1152
137.75502 1186
137.99590 1100
138.23679 1174
138.47767 1171
138.71855 1202
138.95944 1176
139.20032 1155
139.44120 1232
139.68209 1161
139.92297 1181
140.16385 1195
140.40473 1143
140.64562 1141
140.88650 1156
141.12738 1132
141.36827 1201
141.60915 1190
141.85003 1192
142.09092 1183
142.33180 1188
142.57268 1211
142.81357 1219
143.05445 1181
143.29533 1189
143.53621 1181
143.77710 1171
144.01798 1230
144.25886 1191
144.49975 1196
144.74063 1091
144.98151 1141
145.22240 1139
145.46328 1101
145.70416 1148
145.94504 1283
146.18593 1144
146.42681 1165
146.66769 1258
146.90858 1255
147.14946 1185
147.39034 1281
147.63123 1203
147.87211 1161
148.11299 1151
148.35387 1218
148.59476 1197
148.83564 1204
149.07652 1165
149.31741 1222
149.55829 1196
149.79917 1255
150.04006 1210
150.28094 1168
150.52182 1223
150.76270 1207
151.00359 1182
151.24447 1155
151.48535 1231
151.72624 1146
151.96712 1218
152.20800 1188
152.44889 1276
152.68977 1186
152.93065 1135
153.17154 1244
153.41242 1233
153.65330 1209
153.89418 1167
154.13507 1192
154.37595 1213
154.61683 1263
154.85772 1178
155.09860 1187
155.33948 1158
155.58037 1267
155.82125 1212
156.06213 1164
156.30301 1255
156.54390 1257
156.78478 1207
157.02566 1205
157.26655 1182
157.50743 1161
157.74831 1197
157.98920 1216
158.23008 1223
158.47096 1173
158.71184 1207
158.95273 1151
159.19361 1234
159.43449 1218
159.67538 1215
159.91626 1154
160.15714 1187
160.39803 1178
160.63891 1206
160.87979 1166
161.12067 1187
161.36156 1136
161.60244 1216
161.84332 1250
162.08421 1142
162.32509 1230
162.56597 1215
162.80686 1263
163.04774 1244
163.28862 1212
163.52951 1266
163.77039 1166
164.01127 1242
164.25215 1210
164.49304 1325
164.73392 1241
164.97480 1119
165.21569 1231
165.45657 1207
165.69745 1296
165.93834 1274
166.17922 1185
166.42010 1192
166.66098 1236
166.90187 1197
167.14275 1176
167.38363 1279
167.62452 1259
167.86540 1204
168.10628 1268
168.34717 1243
168.58805 1234
168.82893 1203
169.06981 1266
169.31070 1239
169.55158 1246
169.79246 1235
170.03335 1202
170.27423 1273
170.51511 1267
170.75600 1296
170.99688 1240
171.23776 1274
171.47864 1226
171.71953 1234
171.96041 1267
172.20129 1248
172.44218 1304
172.68306 1304
172.92394 1244
173.16483 1238
173.40571 1241
173.64659 1255
173.88748 1203
174.12836 1279
174.36924 1278
174.61012 1255
174.85101 1327
175.09189 1305
175.33277 1286
175.57366 1291
175.81454 1278
176.05542 1285
176.29631 1290
176.53719 1310
176.77807 1258
177.01895 1380
177.25984 1227
177.50072 1371
177.74160 1342
177.98249 1365
178.22337 1374
178.46425 1376
178.70514 1354
178.94602 1344
179.18690 1387
179.42778 1378
179.66867 1363
179.90955 1399
180.15043 1461
180.39132 1404
180.63220 1377
180.87308 1409
181.11397 1391
181.35485 1478
181.59573 1469
181.83661 1487
182.07750 1483
182.31838 1437
182.55926 1491
182.80015 1446
183.04103 1517
183.28191 1533
183.52280 1505
183.76368 1502
184.00456 1510
184.24545 1521
184.48633 1511
184.72721 1568
184.96809 1504
185.20898 1561
185.44986 1533
185.69074 1546
185.93163 1643
186.17251 1504
186.41339 1552
186.65428 1649
186.89516 1649
187.13604 1563
187.37692 1645
187.61781 1651
187.85869 1692
188.09957 1654
188.34046 1693
188.58134 1666
188.82222 1724
189.06311 1730
189.30399 1746
189.54487 1690
189.78575 1680
190.02664 1739
190.26752 1777
190.50840 1724
190.74929 1681
190.99017 1785
191.23105 1816
191.47194 1806
191.71282 1842
191.95370 1862
192.19458 1818
192.43547 1824
192.67635 1758
192.91723 1760
193.15812 1826
193.39900 1867
193.63988 1803
193.88077 1763
194.12165 1793
194.36253 1819
194.60342 1802
194.84430 1874
195.08518 1769
195.32606 1870
195.56695 1714
195.80783 1848
196.04871 1834
196.28960 1875
196.53048 1863
196.77136 1839
197.01225 1922
197.25313 1928
197.49401 1968
197.73489 1828
197.97578 1862
198.21666 1892
198.45754 1899
198.69843 1813
198.93931 1953
199.18019 1838
199.42108 1895
199.66196 1861
199.90284 1894
200.14372 1898
200.38461 1807
200.62549 1850
200.86637 1898
201.10726 1813
201.34814 1858
201.58902 1838
201.82991 1764
202.07079 1841
202.31167 1811
202.55255 1793
202.79344 1792
203.03432 1867
203.27520 1877
203.51609 1835
203.75697 1743
203.99785 1804
204.23874 1745
204.47962 1886
204.72050 1800
204.96139 1804
205.20227 1815
205.44315 1881
205.68403 1842
205.92492 1782
206.16580 1704
206.40668 1711
206.64757 1719
206.88845 1750
207.12933 1754
207.37022 1680
207.61110 1807
207.85198 1699
208.09286 1817
208.33375 1718
208.57463 1670
208.81551 1711
209.05640 1750
209.29728 1803
209.53816 1700
209.77905 1644
210.01993 1770
210.26081 1624
210.50169 1724
210.74258 1680
210.98346 1758
211.22434 1661
211.46523 1657
211.70611 1628
211.94699 1591
212.18788 1655
212.42876 1620
212.66964 1729
212.91052 1681
213.15141 1623
213.39229 1658
213.63317 1654
213.87406 1732
214.11494 1600
214.35582 1627
214.59671 1594
214.83759 1558
215.07847 1538
215.31936 1667
215.56024 1624
215.80112 1616
216.04200 1582
216.28289 1579
216.52377 1578
216.76465 1615
217.00554 1602
217.24642 1619
217.48730 1519
217.72819 1599
217.96907 1570
218.20995 1577
218.45083 1562
218.69172 1658
218.93260 1533
219.17348 1521
219.41437 1582
219.65525 1522
219.89613 1494
220.13702 1592
220.37790 1575
220.61878 1589
220.85966 1497
221.10055 1568
221.34143 1572
221.58231 1524
221.82320 1602
222.06408 1517
222.30496 1484
222.54585 1472
222.78673 1517
223.02761 1508
223.26849 1492
223.50938 1475
223.75026 1479
223.99114 1506
224.23203 1525
224.47291 1578
224.71379 1484
224.95468 1530
225.19556 1471
225.43644 1535
225.67733 1487
225.91821 1469
226.15909 1420
226.39997 1476
226.64086 1498
226.88174 1451
227.12262 1482
227.36351 1492
227.60439 1445
227.84527 1475
228.08616 1478
228.32704 1385
228.56792 1489
228.80880 1409
229.04969 1466
229.29057 1404
229.53145 1423
229.77234 1418
230.01322 1425
230.25410 1440
230.49499 1439
230.73587 1366
230.97675 1424
231.21763 1458
231.45852 1471
231.69940 1313
231.94028 1429
232.18117 1370
232.42205 1482
232.66293 1431
232.90382 1427
233.14470 1408
233.38558 1400
233.62646 1365
233.86735 1359
234.10823 1398
234.34911 1346
234.59000 1387
234.83088 1419
235.07176 1371
235.31265 1406
235.55353 1439
235.79441 1454
236.03530 1366
236.27618 1430
236.51706 1431
236.75794 1403
236.99883 1358
237.23971 1358
237.48059 1463
237.72148 1381
237.96236 1425
238.20324 1362
238.44413 1348
238.68501 1334
238.92589 1316
239.16677 1367
239.40766 1362
239.64854 1335
239.88942 1322
240.13031 1321
240.37119 1419
240.61207 1324
240.85296 1349
241.09384 1365
241.33472 1331
241.57560 1409
241.81649 1378
242.05737 1315
242.29825 1374
242.53914 1297
242.78002 1323
243.02090 1311
243.26179 1316
243.50267 1340
243.74355 1288
243.98443 1334
244.22532 1401
244.46620 1299
244.70708 1298
244.94797 1330
245.18885 1315
245.42973 1352
245.67062 1359
245.91150 1296
246.15238 1274
246.39327 1302
246.63415 1305
246.87503 1274
247.11591 1315
247.35680 1344
247.59768 1337
247.83856 1308
248.07945 1249
248.32033 1240
248.56121 1251
248.80210 1308
249.04298 1311
249.28386 1303
249.52474 1281
249.76563 1290
250.00651 1292
250.24739 1242
250.48828 1339
250.72916 1287
250.97004 1278
251.21093 1341
251.45181 1262
251.69269 1286
251.93357 1276
252.17446 1330
252.41534 1263
252.65622 1245
252.89711 1305
253.13799 1295
253.37887 1186
253.61976 1260
253.86064 1295
254.10152 1312
254.34240 1208
254.58329 1291
254.82417 1224
255.06505 1232
255.30594 1224
255.54682 1196
255.78770 1255
256.02859 1201
256.26947 1251
256.51035 1224
256.75124 1245
256.99212 1266
257.23300 1242
257.47388 1282
257.71477 1251
257.95565 1278
258.19653 1269
258.43742 1329
258.67830 1241
258.91918 1229
259.16007 1248
259.40095 1189
259.64183 1210
259.88271 1295
260.12360 1207
260.36448 1243
260.60536 1266
260.84625 1210
261.08713 1246
261.32801 1237
261.56890 1153
261.80978 1222
262.05066 1295
262.29154 1216
262.53243 1221
262.77331 1246
263.01419 1196
263.25508 1189
263.49596 1253
263.73684 1279
263.97773 1225
264.21861 1209
264.45949 1221
264.70037 1165
264.94126 1172
265.18214 1239
265.42302 1165
265.66391 1157
265.90479 1222
266.14567 1191
266.38656 1185
266.62744 1096
266.86832 1267
267.10921 1158
267.35009 1232
267.59097 1241
267.83185 1219
268.07274 1196
268.31362 1182
268.55450 1215
268.79539 1149
269.03627 1187
269.27715 1191
269.51804 1205
269.75892 1222
269.99980 1225
270.24068 1153
270.48157 1109
270.72245 1189
270.96333 1213
271.20422 1208
271.44510 1180
271.68598 1151
271.92687 1190
272.16775 1186
272.40863 1164
272.64951 1140
272.89040 1192
273.13128 1196
273.37216 1171
273.61305 1153
273.85393 1153
274.09481 1215
274.33570 1216
274.57658 1170
274.81746 1148
275.05834 1123
275.29923 1156
275.54011 1151
275.78099 1148
276.02188 1151
276.26276 1124
276.50364 1173
276.74453 1147
276.98541 1120
277.22629 1189
277.46718 1203
277.70806 1177
277.94894 1186
278.18982 1179
278.43071 1166
278.67159 1125
278.91247 1147
279.15336 1074
279.39424 1216
279.63512 1097
279.87601 1156
280.11689 1157
280.35777 1076
280.59865 1154
280.83954 1184
281.08042 1119
281.32130 1160
281.56219 1160
281.80307 1139
282.04395 1118
282.28484 1141
282.52572 1152
282.76660 1150
283.00748 1118
283.24837 1138
283.48925 1115
283.73013 1063
283.97102 1071
284.21190 1134
284.45278 1099
284.69367 1079
284.93455 1126
285.17543 1187
285.41631 1172
285.65720 1114
285.89808 1093
286.13896 1138
286.37985 1156
286.62073 1150
286.86161 1166
287.10250 1135
287.34338 1196
287.58426 1089
287.82515 1096
288.06603 1102
288.30691 1117
288.54779 1168
288.78868 1129
289.02956 1150
289.27044 1113
289.51133 1128
289.75221 1175
289.99309 1113
290.23398 1135
290.47486 1128
290.71574 1180
290.95662 1178
291.19751 1088
291.43839 1123
291.67927 1157
291.92016 1085
292.16104 1105
292.40192 1114
292.64281 1154
292.88369 1115
293.12457 1128
293.36545 1158
293.60634 1085
293.84722 1116
294.08810 1136
294.32899 1152
294.56987 1114
294.81075 1107
295.05164 1133
295.29252 1174
295.53340 1177
295.77428 1127
296.01517 1081
296.25605 1074
296.49693 1146
296.73782 1122
296.97870 1116
297.21958 1043
297.46047 1059
297.70135 1116
297.94223 1156
298.18312 1172
298.42400 1114
298.66488 1127
298.90576 1037
299.14665 1065
299.38753 1140
299.62841 1135
299.86930 1078
300.11018 1115
300.35106 1138
300.59195 1109
300.83283 1102
301.07371 1197
301.31459 1131
301.55548 1064
301.79636 1136
302.03724 1128
302.27813 1128
302.51901 1075
302.75989 1093
303.00078 1081
303.24166 1155
303.48254 1071
303.72342 1091
303.96431 1037
304.20519 1117
304.44607 1059
304.68696 1135
304.92784 1078
305.16872 1109
305.40961 1027
305.65049 1082
305.89137 1133
306.13225 1072
306.37314 1068
306.61402 1069
306.85490 1076
307.09579 1141
307.33667 1056
307.57755 1078
307.81844 1050
308.05932 1156
308.30020 1076
308.54109 1102
308.78197 1059
309.02285 1091
309.26373 1088
309.50462 1086
309.74550 1106
309.98638 1103
310.22727 1046
310.46815 1081
310.70903 1036
310.94992 1085
311.19080 1073
311.43168 1131
311.67256 1090
311.91345 1103
312.15433 1149
312.39521 1050
312.63610 1100
312.87698 1104
313.11786 1088
313.35875 1102
313.59963 1081
313.84051 1043
314.08139 1075
314.32228 1131
314.56316 1090
314.80404 1123
315.04493 1096
315.28581 1070
315.52669 1072
315.76758 1107
316.00846 1075
316.24934 1089
316.49022 1097
316.73111 1093
316.97199 1025
317.21287 1054
317.45376 1088
317.69464 1067
317.93552 1057
318.17641 1104
318.41729 1055
318.65817 1115
318.89906 1043
319.13994 1027
319.38082 1108
319.62170 1068
319.86259 1093
320.10347 1090
320.34435 1081
320.58524 1097
320.82612 1060
321.06700 1043
321.30789 1095
321.54877 1082
321.78965 1033
322.03053 1076
322.27142 1051
322.51230 1066
322.75318 1086
322.99407 1107
323.23495 1031
323.47583 1076
323.71672 1069
323.95760 1053
324.19848 1070
324.43936 1032
324.68025 991
324.92113 1034
325.16201 1042
325.40290 1064
325.64378 1065
325.88466 1044
326.12555 1052
326.36643 1014
326.60731 1005
326.84819 1071
327.08908 1047
327.32996 1035
327.57084 1033
327.81173 1111
328.05261 1060
328.29349 1039
328.53438 1070
328.77526 1078
329.01614 1081
329.25703 1058
329.49791 1032
329.73879 988
329.97967 1065
330.22056 1103
330.46144 1008
330.70232 1102
330.94321 1069
331.18409 1039
331.42497 1047
331.66586 1067
331.90674 1047
332.14762 1013
332.38850 1114
332.62939 1089
332.87027 1071
333.11115 1074
333.35204 1006
333.59292 1017
333.83380 1076
334.07469 1083
334.31557 1022
334.55645 1045
334.79733 1009
335.03822 1042
335.27910 1049
335.51998 1056
335.76087 1029
336.00175 1045
336.24263 1056
336.48352 1067
336.72440 1012
336.96528 1025
337.20616 1060
337.44705 1058
337.68793 980
337.92881 1097
338.16970 1082
338.41058 1006
338.65146 1025
338.89235 1109
339.13323 1082
339.37411 1075
339.61500 1039
339.85588 1044
340.09676 1056
340.33764 987
340.57853 1071
340.81941 1046
341.06029 1050
341.30118 1049
341.54206 1112
341.78294 1049
342.02383 1129
342.26471 998
342.50559 1079
342.74647 1051
342.98736 1001
343.22824 1031
343.46912 1089
343.71001 978
343.95089 1096
344.19177 1070
344.43266 1053
344.67354 1057
344.91442 1117
345.15530 1053
345.39619 1033
345.63707 1051
345.87795 1073
346.11884 1024
346.35972 1051
346.60060 1050
346.84149 1059
347.08237 1091
347.32325 1084
347.56413 1031
347.80502 1017
348.04590 1050
348.28678 1022
348.52767 1049
348.76855 1020
349.00943 1030
349.25032 1054
349.49120 1012
349.73208 1065
349.97297 1010
350.21385 1054
350.45473 1069
350.69561 1102
350.93650 1021
351.17738 1029
351.41826 1046
351.65915 1049
351.90003 1038
352.14091 1016
352.38180 1046
352.62268 1032
352.86356 1041
353.10444 989
353.34533 1037
353.58621 1042
353.82709 1054
354.06798 1067
354.30886 1061
354.54974 1048
354.79063 992
355.03151 1074
355.27239 1030
355.51327 1012
355.75416 1073
355.99504 1021
356.23592 1009
356.47681 1020
356.71769 1008
356.95857 1031
357.19946 1044
357.44034 1003
357.68122 1021
357.92210 1008
358.16299 986
358.40387 1026
358.64475 1058
358.88564 1049
359.12652 1055
359.36740 994
359.60829 1044
359.84917 1070
360.09005 1084
360.33094 1045
360.57182 991
360.81270 1019
361.05358 991
361.29447 1095
361.53535 1024
361.77623 1024
362.01712 996
362.25800 1029
362.49888 1033
362.73977 1002
362.98065 1013
363.22153 1045
363.46241 1008
363.70330 1069
363.94418 1078
364.18506 989
364.42595 1025
364.66683 1020
364.90771 964
365.14860 1049
365.38948 1113
365.63036 1013
365.87124 1049
366.11213 994
366.35301 1043
366.59389 1062
366.83478 1019
367.07566 1032
367.31654 1009
367.55743 1020
367.79831 1097
368.03919 1028
368.28007 1005
368.52096 998
368.76184 1074
369.00272 1015
369.24361 1075
369.48449 1026
369.72537 979
369.96626 1042
370.20714 1011
370.44802 1045
370.68891 995
370.92979 1087
371.17067 1050
371.41155 1059
371.65244 1046
371.89332 997
372.13420 1045
372.37509 1032
372.61597 1015
372.85685 1037
373.09774 1094
373.33862 1073
373.57950 1061
373.82038 1102
374.06127 1051
374.30215 1001
374.54303 1019
374.78392 1050
375.02480 1001
375.26568 1038
375.50657 1000
375.74745 1029
375.98833 1009
376.22921 1012
376.47010 1028
376.71098 1006
376.95186 1001
377.19275 985
377.43363 1049
377.67451 954
377.91540 1026
378.15628 1033
378.39716 1038
378.63804 1021
378.87893 990
379.11981 1030
379.36069 1061
379.60158 1011
379.84246 1002
380.08334 1069
380.32423 980
380.56511 1012
380.80599 1057
381.04688 1071
381.28776 1074
381.52864 1050
381.76952 1084
382.01041 1061
382.25129 1040
382.49217 1085
382.73306 1034
382.97394 1043
383.21482 1071
383.45571 1020
383.69659 1103
383.93747 1068
384.17835 1049
384.41924 1052
384.66012 1127
384.90100 1018
385.14189 1021
385.38277 985
385.62365 1013
385.86454 1013
386.10542 1082
386.34630 1051
386.58718 1039
386.82807 1045
387.06895 1026
387.30983 977
387.55072 1018
387.79160 1090
388.03248 1053
388.27337 1046
388.51425 1085
388.75513 993
388.99601 1016
389.23690 1058
389.47778 1035
389.71866 1073
389.95955 1048
390.20043 981
390.44131 1029
390.68220 1088
390.92308 1093
391.16396 1039
391.40485 1029
391.64573 1040
391.88661 1045
392.12749 1082
392.36838 1085
392.60926 1065
392.85014 1019
393.09103 994
393.33191 1037
393.57279 1063
393.81368 1037
394.05456 1088
394.29544 1008
394.53632 1040
394.77721 1007
395.01809 1121
395.25897 936
395.49986 1031
395.74074 1085
395.98162 1030
396.22251 1016
396.46339 1066
396.70427 1035
396.94515 1022
397.18604 1009
397.42692 1045
397.66780 1062
397.90869 1076
398.14957 1047
398.39045 1064
398.63134 1020
398.87222 1107
399.11310 1070
399.35398 1059
399.59487 1123
399.83575 1019
400.07663 1017
400.31752 1066
400.55840 1048
400.79928 1039
401.04017 1059
401.28105 1035
401.52193 1033
401.76282 1010
402.00370 964
402.24458 970
402.48546 1002
402.72635 1069
402.96723 1087
403.20811 1016
403.44900 1089
403.68988 1036
403.93076 1031
404.17165 1021
404.41253 1056
404.65341 992
404.89429 1034
405.13518 991
405.37606 1024
405.61694 1055
405.85783 1059
406.09871 1035
406.33959 1028
406.58048 1049
406.82136 1043
407.06224 1071
407.30312 1052
407.54401 1049
407.78489 1010
408.02577 1091
408.26666 1043
408.50754 997
408.74842 997
408.98931 1072
409.23019 1055
409.47107 964
409.71195 1101
409.95284 1039
410.19372 1038
410.43460 1063
410.67549 1080
410.91637 1088
411.15725 1018
411.39814 1051
411.63902 1009
411.87990 1010
412.12078 1061
412.36167 1078
412.60255 1084
412.84343 1019
413.08432 1086
413.32520 1020
413.56608 1015
413.80697 1035
414.04785 1103
414.28873 1055
414.52962 1082
414.77050 1057
415.01138 1021
415.25226 1049
415.49315 1040
415.73403 1089
415.97491 1062
416.21580 1094
416.45668 1042
416.69756 1070
416.93845 1054
417.17933 1028
417.42021 1009
417.66109 1092
417.90198 1070
418.14286 1089
418.38374 1064
418.62463 1016
418.86551 1059
419.10639 1035
419.34728 1066
419.58816 1000
419.82904 1048
420.06992 1056
420.31081 1066
420.55169 1126
420.79257 1097
421.03346 1030
421.27434 1063
421.51522 1036
421.75611 1089
421.99699 1096
422.23787 1098
422.47875 1041
422.71964 1003
422.96052 1046
423.20140 1069
423.44229 1055
423.68317 1066
423.92405 1056
424.16494 1075
424.40582 1097
424.64670 1038
424.88759 1070
425.12847 1100
425.36935 1099
425.61023 1051
425.85112 1156
426.09200 1006
426.33288 1052
426.57377 1027
426.81465 1099
427.05553 1103
427.29642 1077
427.53730 1056
427.77818 1037
428.01906 1065
428.25995 1038
428.50083 1004
428.74171 1095
428.98260 1069
429.22348 1024
429.46436 1029
429.70525 1076
429.94613 1090
430.18701 1070
430.42789 1081
430.66878 1094
430.90966 1071
431.15054 1079
431.39143 1042
431.63231 1095
431.87319 1067
432.11408 1039
432.35496 1069
432.59584 1058
432.83672 1033
433.07761 1136
433.31849 1119
433.55937 1055
433.80026 1051
434.04114 1086
434.28202 1073
434.52291 1011
434.76379 1076
435.00467 1065
435.24556 1075
435.48644 1115
435.72732 1078
435.96820 1059
436.20909 999
436.44997 1066
436.69085 1047
436.93174 1047
437.17262 1069
437.41350 1035
437.65439 1057
437.89527 1037
438.13615 1188
438.37703 1019
438.61792 1062
438.85880 1087
439.09968 1110
439.34057 1029
439.58145 1039
439.82233 1082
440.06322 1065
440.30410 1054
440.54498 1051
440.78586 1127
441.02675 1075
441.26763 1021
441.50851 989
441.74940 1036
441.99028 985
442.23116 1082
442.47205 1076
442.71293 1040
442.95381 1032
443.19469 1085
443.43558 1101
443.67646 1049
443.91734 1011
444.15823 1030
444.39911 1046
444.63999 1086
444.88088 1095
445.12176 1054
445.36264 1005
445.60353 1051
445.84441 1031
446.08529 1066
446.32617 1061
446.56706 1020
446.80794 1007
447.04882 1018
447.28971 1044
447.53059 1013
447.77147 1079
448.01236 1091
448.25324 994
448.49412 1059
448.73500 1079
448.97589 1023
449.21677 1127
449.45765 1063
449.69854 1005
449.93942 1030
450.18030 1040
450.42119 1013
450.66207 991
450.90295 1077
451.14383 1055
451.38472 985
451.62560 972
451.86648 947
452.10737 1062
452.34825 974
452.58913 1036
452.83002 997
453.07090 1027
453.31178 962
453.55266 1022
453.79355 1000
454.03443 950
454.27531 1022
454.51620 1031
454.75708 957
454.99796 950
455.23885 959
455.47973 967
455.72061 1037
455.96150 982
456.20238 997
456.44326 995
456.68414 893
456.92503 1007
457.16591 998
457.40679 969
457.64768 961
457.88856 919
458.12944 974
458.37033 975
458.61121 908
458.85209 920
459.09297 899
459.33386 976
459.57474 925
459.81562 890
460.05651 861
460.29739 913
460.53827 929
460.77916 846
461.02004 889
461.26092 883
461.50180 853
461.74269 865
461.98357 931
462.22445 895
462.46534 866
462.70622 823
462.94710 844
463.18799 886
463.42887 797
463.66975 881
463.91063 862
464.15152 819
464.39240 822
464.63328 847
464.87417 859
465.11505 800
465.35593 796
465.59682 805
465.83770 825
466.07858 817
466.31947 811
466.56035 786
466.80123 818
467.04211 809
467.28300 791
467.52388 790
467.76476 780
468.00565 780
468.24653 796
468.48741 749
468.72830 748
468.96918 790
469.21006 766
469.45094 729
469.69183 737
469.93271 795
470.17359 706
470.41448 773
470.65536 711
470.89624 724
471.13713 712
471.37801 709
471.61889 730
471.85977 691
472.10066 699
472.34154 714
472.58242 716
472.82331 679
473.06419 692
473.30507 650
473.54596 652
473.78684 703
474.02772 659
474.26860 698
474.50949 649
474.75037 655
474.99125 636
475.23214 668
475.47302 650
475.71390 662
475.95479 669
476.19567 619
476.43655 577
476.67744 611
476.91832 612
477.15920 623
477.40008 640
477.64097 611
477.88185 577
478.12273 550
478.36362 608
478.60450 639
478.84538 613
479.08627 592
479.32715 547
479.56803 594
479.80891 587
480.04980 578
480.29068 529
480.53156 584
480.77245 594
481.01333 546
481.25421 535
481.49510 555
481.73598 543
481.97686 572
482.21774 487
482.45863 527
482.69951 521
482.94039 549
483.18128 524
483.42216 548
483.66304 477
483.90393 547
484.14481 540
484.38569 508
484.62657 498
484.86746 497
485.10834 542
485.34922 506
485.59011 481
485.83099 438
486.07187 476
486.31276 463
486.55364 508
486.79452 469
487.03541 483
487.27629 483
487.51717 442
487.75805 459
487.99894 491
488.23982 453
488.48070 480
488.72159 488
488.96247 468
489.20335 450
489.44424 447
489.68512 454
489.92600 414
490.16688 482
490.40777 399
490.64865 419
490.88953 389
491.13042 417
491.37130 425
491.61218 408
491.85307 413
492.09395 407
492.33483 434
492.57571 388
492.81660 372
493.05748 386
493.29836 397
493.53925 410
493.78013 412
494.02101 408
494.26190 403
494.50278 386
494.74366 352
494.98454 429
495.22543 387
495.46631 394
495.70719 384
495.94808 401
496.18896 399
496.42984 417
496.67073 393
496.91161 362
497.15249 387
497.39338 368
497.63426 380
497.87514 389
498.11602 387
498.35691 364
498.59779 388
498.83867 361
499.07956 368
499.32044 399
499.56132 335
499.80221 320
500.04309 357
500.28397 360
500.52485 351
500.76574 361
501.00662 366
501.24750 344
501.48839 323
501.72927 367
501.97015 354
502.21104 367
502.45192 342
502.69280 329
502.93368 357
503.17457 340
503.41545 330
503.65633 371
503.89722 337
504.13810 293
504.37898 364
504.61987 343
504.86075 351
505.10163 339
505.34251 340
505.58340 329
505.82428 350
506.06516 306
506.30605 341
506.54693 330
506.78781 309
507.02870 371
507.26958 328
507.51046 317
507.75135 293
507.99223 334
508.23311 314
508.47399 291
508.71488 322
508.95576 298
509.19664 374
509.43753 334
509.67841 316
509.91929 321
510.16018 293
510.40106 303
510.64194 298
510.88282 309
511.12371 331
511.36459 314
511.60547 298
511.84636 297
512.08724 265
512.32812 309
512.56901 302
512.80989 321
513.05077 297
513.29165 295
513.53254 295
513.77342 305
514.01430 310
514.25519 343
514.49607 310
514.73695 284
514.97784 298
515.21872 309
515.45960 283
515.70048 295
515.94137 283
516.18225 299
516.42313 272
516.66402 328
516.90490 310
517.14578 285
517.38667 269
517.62755 275
517.86843 274
518.10932 280
518.35020 287
518.59108 262
518.83196 310
519.07285 252
519.31373 277
519.55461 262
519.79550 276
520.03638 291
520.27726 294
520.51815 274
520.75903 259
520.99991 269
521.24079 286
521.48168 259
521.72256 269
521.96344 286
522.20433 282
522.44521 297
522.68609 307
522.92698 278
523.16786 278
523.40874 271
523.64962 271
523.89051 261
524.13139 268
524.37227 262
524.61316 253
524.85404 245
525.09492 283
525.33581 282
525.57669 253
525.81757 279
526.05845 291
526.29934 240
526.54022 271
526.78110 267
527.02199 269
527.26287 247
527.50375 228
527.74464 248
527.98552 238
528.22640 236
528.46729 270
528.70817 245
528.94905 253
529.18993 248
529.43082 240
529.67170 268
529.91258 278
530.15347 256
530.39435 279
530.63523 282
530.87612 261
531.11700 251
531.35788 238
531.59876 264
531.83965 219
532.08053 219
532.32141 263
532.56230 269
532.80318 270
533.04406 240
533.28495 239
533.52583 255
533.76671 214
534.00759 256
534.24848 258
534.48936 240
534.73024 242
534.97113 239
535.21201 227
535.45289 258
535.69378 243
535.93466 245
536.17554 232
536.41642 245
536.65731 248
536.89819 240
537.13907 222
537.37996 219
537.62084 241
537.86172 216
538.10261 216
538.34349 273
538.58437 229
538.82526 222
539.06614 227
539.30702 226
539.54790 223
539.78879 233
540.02967 227
540.27055 214
540.51144 237
540.75232 232
540.99320 218
541.23409 229
541.47497 234
541.71585 240
541.95673 234
542.19762 227
542.43850 252
542.67938 246
542.92027 234
543.16115 217
543.40203 215
543.64292 238
543.88380 221
544.12468 226
544.36556 243
544.60645 222
544.84733 238
545.08821 214
545.32910 218
545.56998 221
545.81086 221
546.05175 219
546.29263 229
546.53351 233
546.77439 250
547.01528 228
547.25616 215
547.49704 240
547.73793 221
547.97881 240
548.21969 250
548.46058 202
548.70146 238
548.94234 221
549.18323 203
549.42411 218
549.66499 224
549.90587 204
550.14676 215
550.38764 219
550.62852 208
550.86941 243
551.11029 212
551.35117 190
551.59206 243
551.83294 226
552.07382 242
552.31470 219
552.55559 204
552.79647 216
553.03735 218
553.27824 244
553.51912 216
553.76000 216
554.00089 230
554.24177 244
554.48265 201
554.72353 252
554.96442 221
555.20530 228
555.44618 184
555.68707 196
555.92795 244
556.16883 215
556.40972 205
556.65060 239
556.89148 205
557.13236 223
557.37325 199
557.61413 217
557.85501 215
558.09590 204
558.33678 233
558.57766 219
558.81855 264
559.05943 244
559.30031 217
559.54120 229
559.78208 192
560.02296 242
560.26384 203
560.50473 210
560.74561 230
560.98649 221
561.22738 185
561.46826 209
561.70914 213
561.95003 189
562.19091 197
562.43179 218
562.67267 203
562.91356 191
563.15444 213
563.39532 205
563.63621 229
563.87709 216
564.11797 237
564.35886 223
564.59974 227
564.84062 228
565.08150 224
565.32239 202
565.56327 218
565.80415 222
566.04504 218
566.28592 226
566.52680 237
566.76769 217
567.00857 228
567.24945 194
567.49033 211
567.73122 227
567.97210 204
568.21298 238
568.45387 214
568.69475 213
568.93563 208
569.17652 221
569.41740 216
569.65828 215
569.89917 214
570.14005 239
570.38093 228
570.62181 210
570.86270 229
571.10358 235
571.34446 212
571.58535 249
571.82623 219
572.06711 233
572.30800 191
572.54888 225
572.78976 209
573.03064 223
573.27153 228
573.51241 209
573.75329 234
573.99418 220
574.23506 229
574.47594 236
574.71683 230
574.95771 229
575.19859 210
575.43947 194
575.68036 239
575.92124 231
576.16212 218
576.40301 210
576.64389 223
576.88477 217
577.12566 247
577.36654 251
577.60742 214
577.84830 219
578.08919 214
578.33007 250
578.57095 223
578.81184 256
579.05272 238
579.29360 221
579.53449 215
579.77537 252
580.01625 233
580.25714 225
580.49802 215
580.73890 193
580.97978 227
581.22067 234
581.46155 232
581.70243 238
581.94332 224
582.18420 250
582.42508 215
582.66597 264
582.90685 235
583.14773 230
583.38861 248
583.62950 214
583.87038 251
584.11126 221
584.35215 228
584.59303 223
584.83391 242
585.07480 241
585.31568 247
585.55656 233
585.79744 223
586.03833 233
586.27921 237
586.52009 237
586.76098 256
587.00186 223
587.24274 258
587.48363 234
587.72451 253
587.96539 245
588.20627 240
588.44716 237
588.68804 242
588.92892 247
589.16981 277
589.41069 245
589.65157 266
589.89246 218
590.13334 248
590.37422 285
590.61511 257
590.85599 263
591.09687 242
591.33775 244
591.57864 254
591.81952 257
592.06040 247
592.30129 263
592.54217 298
592.78305 259
593.02394 295
593.26482 273
593.50570 269
593.74658 259
593.98747 302
594.22835 263
594.46923 270
594.71012 238
594.95100 283
595.19188 270
595.43277 273
595.67365 309
595.91453 285
596.15541 292
596.39630 283
596.63718 289
596.87806 259
597.11895 287
597.35983 256
597.60071 304
597.84160 267
598.08248 290
598.32336 282
598.56424 278
598.80513 294
599.04601 294
599.28689 284
599.52778 288
599.76866 298
600.00954 289
600.25043 351
600.49131 301
600.73219 311
600.97308 306
601.21396 326
601.45484 308
601.69572 321
601.93661 309
602.17749 358
602.41837 353
602.65926 343
602.90014 335
603.14102 350
603.38191 358
603.62279 348
603.86367 363
604.10455 319
604.34544 377
604.58632 329
604.82720 338
605.06809 387
605.30897 386
605.54985 334
605.79074 397
606.03162 413
606.27250 371
606.51338 389
606.75427 417
606.99515 439
607.23603 396
607.47692 436
607.71780 404
607.95868 382
608.19957 402
608.44045 436
608.68133 445
608.92221 474
609.16310 444
609.40398 486
609.64486 479
609.88575 454
610.12663 483
610.36751 497
610.60840 511
610.84928 476
611.09016 526
611.33105 550
611.57193 524
611.81281 548
612.05369 527
612.29458 567
612.53546 610
612.77634 607
613.01723 601
613.25811 612
613.49899 601
613.73988 594
613.98076 574
614.22164 596
614.46252 674
614.70341 619
614.94429 703
615.18517 689
615.42606 641
615.66694 762
615.90782 688
616.14871 760
616.38959 763
616.63047 732
616.87135 779
617.11224 779
617.35312 778
617.59400 863
617.83489 801
618.07577 879
618.31665 938
618.55754 849
618.79842 886
619.03930 966
619.28018 955
619.52107 976
619.76195 938
620.00283 967
620.24372 937
620.48460 982
620.72548 1058
620.96637 1079
621.20725 1112
621.44813 1130
621.68902 1130
621.92990 1219
622.17078 1197
622.41166 1172
622.65255 1181
622.89343 1220
623.13431 1269
623.37520 1280
623.61608 1277
623.85696 1304
624.09785 1308
624.33873 1394
624.57961 1379
624.82049 1423
625.06138 1571
625.30226 1596
625.54314 1499
625.78403 1531
626.02491 1572
626.26579 1580
626.50668 1579
626.74756 1695
626.98844 1670
627.22932 1705
627.47021 1759
627.71109 1812
627.95197 1745
628.19286 1848
628.43374 1817
628.67462 1860
628.91551 1888
629.15639 1914
629.39727 1989
629.63815 2032
629.87904 2083
630.11992 2075
630.36080 2182
630.60169 2224
630.84257 2349
631.08345 2176
631.32434 2265
631.56522 2274
631.80610 2403
632.04699 2499
632.28787 2455
632.52875 2505
632.76963 2531
633.01052 2655
633.25140 2637
633.49228 2579
633.73317 2722
633.97405 2728
634.21493 2806
634.45582 2780
634.69670 2992
634.93758 2851
635.17846 2967
635.41935 3058
635.66023 3014
635.90111 3109
636.14200 3152
636.38288 3259
636.62376 3161
636.86465 3175
637.10553 3283
637.34641 3334
637.58729 3323
637.82818 3435
638.06906 3591
638.30994 3504
638.55083 3520
638.79171 3661
639.03259 3712
639.27348 3792
639.51436 3791
639.75524 3986
639.99612 3870
640.23701 4014
640.47789 3914
640.71877 4125
640.95966 4149
641.20054 4175
641.44142 4167
641.68231 4411
641.92319 4358
642.16407 4333
642.40496 4399
642.64584 4445
642.88672 4618
643.12760 4643
643.36849 4705
643.60937 4645
643.85025 4774
644.09114 4851
644.33202 4732
644.57290 4957
644.81379 4879
645.05467 5012
645.29555 5111
645.53643 5071
645.77732 5036
646.01820 5099
646.25908 5178
646.49997 5273
646.74085 5300
646.98173 5416
647.22262 5405
647.46350 5419
647.70438 5603
647.94526 5707
648.18615 5703
648.42703 5816
648.66791 5812
648.90880 5791
649.14968 5921
649.39056 5955
649.63145 6032
649.87233 6203
650.11321 6164
650.35409 6177
650.59498 6134
650.83586 6230
651.07674 6225
651.31763 6482
651.55851 6215
651.79939 6229
652.04028 6318
652.28116 6437
652.52204 6654
652.76293 6515
653.00381 6482
653.24469 6638
653.48557 6634
653.72646 6677
653.96734 6673
654.20822 6825
654.44911 6732
654.68999 6688
654.93087 6653
655.17176 7021
655.41264 6996
655.65352 7026
655.89440 7053
656.13529 6914
656.37617 6955
656.61705 7126
656.85794 7138
657.09882 7149
657.33970 7374
657.58059 7197
657.82147 7217
658.06235 7186
658.30323 7194
658.54412 7165
658.78500 7283
659.02588 7324
659.26677 7249
659.50765 7285
659.74853 7320
659.98942 7320
660.23030 7485
660.47118 7376
660.71206 7330
660.95295 7355
661.19383 7501
661.43471 7352
661.67560 7333
661.91648 7436
662.15736 7383
662.39825 7457
662.63913 7389
662.88001 7397
663.12090 7436
663.36178 7457
663.60266 7497
663.84354 7425
664.08443 7458
664.32531 7260
664.56619 7427
664.80708 7335
665.04796 7246
665.28884 7409
665.52973 7310
665.77061 7331
666.01149 7335
666.25237 7251
666.49326 7249
666.73414 7254
666.97502 7339
667.21591 7296
667.45679 7095
667.69767 7114
667.93856 7194
668.17944 7068
668.42032 7096
668.66120 7016
668.90209 6912
669.14297 6954
669.38385 7028
669.62474 6919
669.86562 6954
670.10650 6940
670.34739 6928
670.58827 6736
670.82915 6827
671.07003 6712
671.31092 6802
671.55180 6610
671.79268 6610
672.03357 6470
672.27445 6451
672.51533 6419
672.75622 6293
672.99710 6305
673.23798 6428
673.47887 6190
673.71975 6393
673.96063 6151
674.20151 6122
674.44240 6215
674.68328 6083
674.92416 6001
675.16505 5953
675.40593 5979
675.64681 5666
675.88770 5778
676.12858 5839
676.36946 5804
676.61034 5649
676.85123 5588
677.09211 5567
677.33299 5545
677.57388 5373
677.81476 5260
678.05564 5431
678.29653 5243
678.53741 5189
678.77829 5112
679.01917 4977
679.26006 5084
679.50094 4972
679.74182 4882
679.98271 4926
680.22359 4866
680.46447 4709
680.70536 4632
680.94624 4621
681.18712 4479
681.42800 4460
681.66889 4426
681.90977 4332
682.15065 4292
682.39154 4295
682.63242 4329
682.87330 4201
683.11419 4045
683.35507 4038
683.59595 3968
683.83684 3852
684.07772 3854
684.31860 3816
684.55948 3816
684.80037 3743
685.04125 3608
685.28213 3640
685.52302 3527
685.76390 3524
686.00478 3436
686.24567 3364
686.48655 3246
686.72743 3108
686.96831 3208
687.20920 3133
687.45008 3076
687.69096 3060
687.93185 3115
688.17273 3004
688.41361 2939
688.65450 2965
688.89538 2860
689.13626 2740
689.37714 2777
689.61803 2620
689.85891 2599
690.09979 2629
690.34068 2494
690.58156 2420
690.82244 2405
691.06333 2344
691.30421 2286
691.54509 2276
691.78597 2323
692.02686 2279
692.26774 2090
692.50862 2148
692.74951 2123
692.99039 2010
693.23127 1956
693.47216 1964
693.71304 1987
693.95392 1891
694.19480 1763
694.43569 1786
694.67657 1724
694.91745 1670
695.15834 1613
695.39922 1610
695.64010 1696
695.88099 1571
696.12187 1569
696.36275 1553
696.60364 1470
696.84452 1400
697.08540 1383
697.32628 1428
697.56717 1356
697.80805 1393
698.04893 1318
698.28982 1291
698.53070 1249
698.77158 1260
699.01247 1214
699.25335 1173
699.49423 1147
699.73511 1083
699.97600 1087
700.21688 1042
700.45776 993
700.69865 984
700.93953 921
701.18041 933
701.42130 984
701.66218 873
701.90306 868
702.14394 901
702.38483 822
702.62571 894
702.86659 792
703.10748 758
703.34836 757
703.58924 790
703.83013 759
704.07101 728
704.31189 709
704.55277 688
704.79366 624
705.03454 639
705.27542 683
705.51631 581
705.75719 637
705.99807 605
706.23896 551
706.47984 501
706.72072 561
706.96161 530
707.20249 527
707.44337 452
707.68425 483
707.92514 470
708.16602 470
708.40690 431
708.64779 451
708.88867 435
709.12955 429
709.37044 431
709.61132 381
709.85220 387
710.09308 392
710.33397 376
710.57485 352
710.81573 353
711.05662 364
711.29750 309
711.53838 322
711.77927 341
712.02015 338
712.26103 302
712.50191 305
712.74280 302
712.98368 260
713.22456 221
713.46545 268
713.70633 255
713.94721 279
714.18810 244
714.42898 248
714.66986 249
714.91074 213
715.15163 252
715.39251 221
715.63339 179
715.87428 212
716.11516 238
716.35604 197
716.59693 201
716.83781 202
717.07869 194
717.31958 189
717.56046 192
717.80134 159
718.04222 153
718.28311 159
718.52399 175
718.76487 178
719.00576 165
719.24664 152
719.48752 148
719.72841 161
719.96929 165
720.21017 121
720.45105 140
720.69194 148
720.93282 130
721.17370 131
721.41459 142
721.65547 132
721.89635 141
722.13724 153
722.37812 108
722.61900 121
722.85988 118
723.10077 138
723.34165 137
723.58253 110
723.82342 114
724.06430 116
724.30518 94
724.54607 96
724.78695 129
725.02783 116
725.26871 125
725.50960 122
725.75048 129
725.99136 100
726.23225 93
726.47313 101
726.71401 117
726.95490 109
727.19578 105
727.43666 97
727.67755 95
727.91843 88
728.15931 107
728.40019 106
728.64108 88
728.88196 86
729.12284 75
729.36373 86
729.60461 85
729.84549 96
730.08638 97
730.32726 78
730.56814 75
730.80902 79
731.04991 86
731.29079 72
731.53167 97
731.77256 96
732.01344 82
732.25432 84
732.49521 69
732.73609 58
732.97697 85
733.21785 72
733.45874 82
733.69962 97
733.94050 76
734.18139 80
734.42227 72
734.66315 67
734.90404 75
735.14492 73
735.38580 77
735.62668 67
735.86757 68
736.10845 75
736.34933 69
736.59022 78
736.83110 75
737.07198 68
737.31287 80
737.55375 79
737.79463 62
738.03552 74
738.27640 66
738.51728 80
738.75816 79
738.99905 68
739.23993 58
739.48081 69
739.72170 71
739.96258 71
740.20346 68
740.44435 81
740.68523 76
740.92611 79
741.16699 66
741.40788 50
741.64876 80
741.88964 73
742.13053 73
742.37141 64
742.61229 67
742.85318 68
743.09406 66
743.33494 80
743.57582 64
743.81671 70
744.05759 52
744.29847 77
744.53936 69
744.78024 65
745.02112 68
745.26201 65
745.50289 66
745.74377 74
745.98465 57
746.22554 63
746.46642 64
746.70730 52
746.94819 59
747.18907 66
747.42995 67
747.67084 63
747.91172 50
748.15260 61
748.39349 60
748.63437 56
748.87525 73
749.11613 68
749.35702 65
749.59790 57
749.83878 47
750.07967 59
750.32055 66
750.56143 52
750.80232 51
751.04320 60
751.28408 57
751.52496 74
751.76585 73
752.00673 64
752.24761 57
752.48850 60
752.72938 58
752.97026 50
753.21115 69
753.45203 61
753.69291 48
753.93379 61
754.17468 66
754.41556 52
754.65644 65
754.89733 62
755.13821 52
755.37909 59
755.61998 56
755.86086 58
756.10174 64
756.34262 62
756.58351 53
756.82439 56
757.06527 51
757.30616 57
757.54704 62
757.78792 63
758.02881 54
758.26969 56
758.51057 66
758.75146 60
758.99234 53
759.23322 56
759.47410 71
759.71499 50
759.95587 49
760.19675 73
760.43764 50
760.67852 59
760.91940 62
761.16029 61
761.40117 65
761.64205 54
761.88293 54
762.12382 68
762.36470 58
762.60558 66
762.84647 65
763.08735 65
763.32823 58
763.56912 59
763.81000 59
764.05088 57
764.29176 50
764.53265 59
764.77353 44
765.01441 59
765.25530 71
765.49618 57
765.73706 50
765.97795 66
766.21883 62
766.45971 58
766.70059 60
766.94148 70
767.18236 60
767.42324 61
767.66413 57
767.90501 59
768.14589 63
768.38678 62
768.62766 78
768.86854 60
769.10943 51
769.35031 66
769.59119 52
769.83207 59
770.07296 71
770.31384 56
770.55472 52
770.79561 50
771.03649 57
771.27737 56
771.51826 68
771.75914 46
772.00002 46
772.24090 43
772.48179 49
772.72267 57
772.96355 50
773.20444 47
773.44532 62
773.68620 53
773.92709 61
774.16797 41
774.40885 55
774.64973 58
774.89062 56
775.13150 53
775.37238 46
775.61327 54
775.85415 61
776.09503 47
776.33592 52
776.57680 52
776.81768 58
777.05856 60
777.29945 54
777.54033 56
777.78121 59
778.02210 56
778.26298 54
778.50386 47
778.74475 46
778.98563 56
779.22651 60
779.46740 58
779.70828 50
779.94916 48
780.19004 49
780.43093 63
780.67181 58
780.91269 67
781.15358 41
781.39446 60
781.63534 54
781.87623 50
782.11711 58
782.35799 59
782.59887 48
782.83976 50
783.08064 51
783.32152 40
783.56241 50
783.80329 43
784.04417 48
784.28506 47
784.52594 55
784.76682 40
785.00770 44
785.24859 55
785.48947 55
785.73035 35
785.97124 38
786.21212 61
786.45300 51
786.69389 53
786.93477 44
787.17565 46
787.41653 43
787.65742 66
787.89830 36
788.13918 46
788.38007 51
788.62095 42
788.86183 69
789.10272 51
789.34360 58
789.58448 58
789.82537 42
790.06625 58
790.30713 39
790.54801 42
790.78890 36
791.02978 49
791.27066 39
791.51155 52
791.75243 49
791.99331 50
792.23420 54
792.47508 64
792.71596 50
792.95684 69
793.19773 51
793.43861 56
793.67949 58
793.92038 46
794.16126 55
794.40214 65
794.64303 44
794.88391 63
795.12479 51
795.36567 48
795.60656 57
795.84744 40
796.08832 40
796.32921 49
796.57009 46
796.81097 47
797.05186 55
797.29274 46
797.53362 49
797.77450 52
798.01539 49
798.25627 48
798.49715 44
798.73804 47
798.97892 49
799.21980 47
799.46069 62
799.70157 45
799.94245 66
800.18334 46
800.42422 45
800.66510 42
800.90598 44
801.14687 46
801.38775 52
801.62863 32
801.86952 43
802.11040 62
802.35128 48
802.59217 67
802.83305 46
803.07393 48
803.31481 36
803.55570 53
803.79658 44
804.03746 50
804.27835 41
804.51923 50
804.76011 44
805.00100 54
805.24188 36
805.48276 44
805.72364 38
805.96453 46
806.20541 52
806.44629 42
806.68718 46
806.92806 52
807.16894 62
807.40983 58
807.65071 39
807.89159 43
808.13247 45
808.37336 46
808.61424 43
808.85512 45
809.09601 40
809.33689 41
809.57777 42
809.81866 52
810.05954 42
810.30042 49
810.54131 33
810.78219 48
811.02307 39
811.26395 49
811.50484 51
811.74572 55
811.98660 48
812.22749 39
812.46837 49
812.70925 44
812.95014 50
813.19102 63
813.43190 36
813.67278 51
813.91367 40
814.15455 52
814.39543 44
814.63632 50
814.87720 51
815.11808 42
815.35897 48
815.59985 41
815.84073 46
816.08161 50
816.32250 47
816.56338 42
816.80426 51
817.04515 45
817.28603 39
817.52691 44
817.76780 47
818.00868 49
818.24956 45
818.49044 54
818.73133 45
818.97221 57
819.21309 45
819.45398 49
819.69486 55
819.93574 38
820.17663 56
820.41751 38
820.65839 33
820.89928 53
821.14016 36
821.38104 46
821.62192 38
821.86281 49
822.10369 57
822.34457 50
822.58546 39
822.82634 60
823.06722 48
823.30811 44
823.54899 50
823.78987 41
824.03075 44
824.27164 40
824.51252 52
824.75340 53
824.99429 32
825.23517 42
825.47605 42
825.71694 38
825.95782 47
826.19870 43
826.43958 41
826.68047 45
826.92135 45
827.16223 36
827.40312 50
827.64400 49
827.88488 46
828.12577 44
828.36665 50
828.60753 40
828.84841 53
829.08930 50
829.33018 42
829.57106 45
829.81195 50
830.05283 53
830.29371 39
830.53460 38
830.77548 44
831.01636 49
831.25725 48
831.49813 43
831.73901 39
831.97989 49
832.22078 43
832.46166 47
832.70254 42
832.94343 48
833.18431 49
833.42519 51
833.66608 40
833.90696 47
834.14784 47
834.38872 47
834.62961 45
834.87049 49
835.11137 48
835.35226 42
835.59314 57
835.83402 39
836.07491 38
836.31579 45
836.55667 26
836.79755 37
837.03844 37
837.27932 45
837.52020 42
837.76109 43
838.00197 36
838.24285 52
838.48374 47
838.72462 54
838.96550 36
839.20638 34
839.44727 34
839.68815 43
839.92903 52
840.16992 30
840.41080 57
840.65168 34
840.89257 47
841.13345 45
841.37433 45
841.61522 39
841.85610 34
842.09698 39
842.33786 44
842.57875 42
842.81963 43
843.06051 52
843.30140 36
843.54228 49
843.78316 39
844.02405 30
844.26493 48
844.50581 31
844.74669 40
844.98758 36
845.22846 43
845.46934 44
845.71023 38
845.95111 47
846.19199 45
846.43288 37
846.67376 41
846.91464 44
847.15552 35
847.39641 43
847.63729 53
847.87817 36
848.11906 37
848.35994 42
848.60082 43
848.84171 26
849.08259 43
849.32347 44
849.56435 52
849.80524 37
850.04612 44
850.28700 50
850.52789 39
850.76877 41
851.00965 35
851.25054 37
851.49142 36
851.73230 38
851.97319 32
852.21407 27
852.45495 41
852.69583 24
852.93672 46
853.17760 31
853.41848 40
853.65937 37
853.90025 32
854.14113 37
854.38202 45
854.62290 39
854.86378 38
855.10466 48
855.34555 31
855.58643 42
855.82731 43
856.06820 44
856.30908 38
856.54996 50
856.79085 50
857.03173 30
857.27261 34
857.51349 46
857.75438 38
857.99526 31
858.23614 54
858.47703 42
858.71791 50
858.95879 35
859.19968 51
859.44056 31
859.68144 44
859.92232 41
860.16321 35
860.40409 31
860.64497 35
860.88586 37
861.12674 38
861.36762 31
861.60851 50
861.84939 30
862.09027 30
862.33116 47
862.57204 36
862.81292 30
863.05380 29
863.29469 31
863.53557 26
863.77645 29
864.01734 33
864.25822 37
864.49910 51
864.73999 28
864.98087 38
865.22175 37
865.46263 43
865.70352 43
865.94440 46
866.18528 26
866.42617 25
866.66705 43
866.90793 45
867.14882 35
867.38970 38
867.63058 36
867.87146 36
868.11235 46
868.35323 36
868.59411 40
868.83500 44
869.07588 36
869.31676 36
869.55765 35
869.79853 43
870.03941 46
870.28029 44
870.52118 37
870.76206 35
871.00294 34
871.24383 33
871.48471 26
871.72559 47
871.96648 44
872.20736 33
872.44824 50
872.68913 38
872.93001 45
873.17089 31
873.41177 42
873.65266 42
873.89354 38
874.13442 44
874.37531 39
874.61619 37
874.85707 44
875.09796 34
875.33884 46
875.57972 38
875.82060 41
876.06149 30
876.30237 48
876.54325 42
876.78414 43
877.02502 48
877.26590 49
877.50679 44
877.74767 40
877.98855 33
878.22943 33
878.47032 31
878.71120 38
878.95208 30
879.19297 42
879.43385 36
879.67473 29
879.91562 42
880.15650 34
880.39738 39
880.63826 29
880.87915 34
881.12003 31
881.36091 37
881.60180 35
881.84268 40
882.08356 35
882.32445 30
882.56533 31
882.80621 31
883.04710 30
883.28798 37
883.52886 41
883.76974 38
884.01063 29
884.25151 28
884.49239 47
884.73328 25
884.97416 34
885.21504 29
885.45593 43
885.69681 27
885.93769 35
886.17857 36
886.41946 31
886.66034 36
886.90122 29
887.14211 37
887.38299 31
887.62387 41
887.86476 37
888.10564 37
888.34652 31
888.58740 37
888.82829 31
889.06917 28
889.31005 36
889.55094 38
889.79182 38
890.03270 45
890.27359 32
890.51447 26
890.75535 30
890.99623 32
891.23712 43
891.47800 36
891.71888 30
891.95977 38
892.20065 35
892.44153 31
892.68242 30
892.92330 48
893.16418 29
893.40507 30
893.64595 37
893.88683 35
894.12771 34
894.36860 29
894.60948 35
894.85036 36
895.09125 35
895.33213 39
895.57301 41
895.81390 40
896.05478 28
896.29566 37
896.53654 20
896.77743 31
897.01831 25
897.25919 32
897.50008 41
897.74096 32
897.98184 36
898.22273 32
898.46361 38
898.70449 36
898.94537 27
899.18626 51
899.42714 30
899.66802 31
899.90891 42
900.14979 36
900.39067 33
900.63156 30
900.87244 36
901.11332 25
901.35420 33
901.59509 23
901.83597 33
902.07685 34
902.31774 25
902.55862 36
902.79950 33
903.04039 20
903.28127 24
903.52215 36
903.76304 36
904.00392 28
904.24480 34
904.48568 36
904.72657 29
904.96745 33
905.20833 40
905.44922 33
905.69010 36
905.93098 36
906.17187 34
906.41275 31
906.65363 33
906.89451 32
907.13540 26
907.37628 36
907.61716 36
907.85805 34
908.09893 37
908.33981 35
908.58070 22
908.82158 38
909.06246 26
909.30334 41
909.54423 33
909.78511 34
910.02599 33
910.26688 35
910.50776 45
910.74864 33
910.98953 35
911.23041 34
911.47129 30
911.71217 25
911.95306 42
912.19394 48
912.43482 37
912.67571 46
912.91659 39
913.15747 36
913.39836 36
913.63924 30
913.88012 25
914.12101 34
914.36189 23
914.60277 39
914.84365 35
915.08454 31
915.32542 19
915.56630 36
915.80719 40
916.04807 36
916.28895 23
916.52984 31
916.77072 33
917.01160 40
917.25248 33
917.49337 27
917.73425 27
917.97513 37
918.21602 39
918.45690 33
918.69778 33
918.93867 30
919.17955 31
919.42043 24
919.66131 36
919.90220 33
920.14308 30
920.38396 31
920.62485 30
920.86573 27
921.10661 34
921.34750 21
921.58838 30
921.82926 35
922.07014 32
922.31103 36
922.55191 31
922.79279 35
923.03368 36
923.27456 32
923.51544 32
923.75633 26
923.99721 33
924.23809 33
924.47898 32
924.71986 40
924.96074 29
925.20162 26
925.44251 25
925.68339 23
925.92427 33
926.16516 29
926.40604 26
926.64692 27
926.88781 28
927.12869 22
927.36957 37
927.61045 27
927.85134 30
928.09222 20
928.33310 35
928.57399 36
928.81487 21
929.05575 32
929.29664 41
929.53752 29
929.77840 27
930.01928 37
930.26017 41
930.50105 29
930.74193 28
930.98282 27
931.22370 44
931.46458 23
931.70547 28
931.94635 30
932.18723 30
932.42811 30
932.66900 28
932.90988 22
933.15076 31
933.39165 28
933.63253 31
933.87341 23
934.11430 35
934.35518 22
934.59606 25
934.83695 33
935.07783 22
935.31871 32
935.55959 25
935.80048 27
936.04136 30
936.28224 32
936.52313 25
936.76401 27
937.00489 36
937.24578 28
937.48666 14
937.72754 33
937.96842 35
938.20931 26
938.45019 24
938.69107 41
938.93196 27
939.17284 39
939.41372 27
939.65461 22
939.89549 27
940.13637 42
940.37725 34
940.61814 28
940.85902 27
941.09990 26
941.34079 24
941.58167 33
941.82255 30
942.06344 33
942.30432 27
942.54520 27
942.78608 30
943.02697 30
943.26785 37
943.50873 27
943.74962 32
943.99050 26
944.23138 36
944.47227 26
944.71315 23
944.95403 37
945.19492 31
945.43580 39
945.67668 26
945.91756 19
946.15845 32
946.39933 25
946.64021 23
946.88110 32
947.12198 31
947.36286 24
947.60375 18
947.84463 34
948.08551 25
948.32639 31
948.56728 30
948.80816 31
949.04904 35
949.28993 29
949.53081 24
949.77169 21
950.01258 26
950.25346 29
950.49434 36
950.73522 21
950.97611 31
951.21699 29
951.45787 28
951.69876 33
951.93964 26
952.18052 31
952.42141 33
952.66229 24
952.90317 24
953.14405 28
953.38494 32
953.62582 31
953.86670 20
954.10759 26
954.34847 24
954.58935 30
954.83024 19
955.07112 34
955.31200 32
955.55289 35
955.79377 33
956.03465 28
956.27553 33
956.51642 24
956.75730 25
956.99818 20
957.23907 31
957.47995 28
957.72083 44
957.96172 31
958.20260 27
958.44348 22
958.68436 23
958.92525 22
959.16613 19
959.40701 22
959.64790 34
959.88878 27
960.12966 30
960.37055 36
960.61143 23
960.85231 29
961.09319 29
961.33408 31
961.57496 25
961.81584 34
962.05673 23
962.29761 32
962.53849 31
962.77938 25
963.02026 28
963.26114 27
963.50202 33
963.74291 30
963.98379 31
964.22467 35
964.46556 26
964.70644 22
964.94732 22
965.18821 21
965.42909 26
965.66997 24
965.91086 14
966.15174 33
966.39262 34
966.63350 35
966.87439 28
967.11527 26
967.35615 28
967.59704 33
967.83792 23
968.07880 21
968.31969 25
968.56057 21
968.80145 28
969.04233 21
969.28322 37
969.52410 25
969.76498 22
970.00587 20
970.24675 29
970.48763 20
970.72852 17
970.96940 35
971.21028 26
971.45116 24
971.69205 31
971.93293 21
972.17381 22
972.41470 25
972.65558 23
972.89646 36
973.13735 29
973.37823 32
973.61911 23
973.85999 30
974.10088 25
974.34176 28
974.58264 35
974.82353 27
975.06441 19
975.30529 22
975.54618 26
975.78706 21
976.02794 18
976.26883 24
976.50971 31
976.75059 15
976.99147 21
977.23236 22
977.47324 27
977.71412 24
977.95501 17
978.19589 20
978.43677 25
978.67766 24
978.91854 25
979.15942 19
979.40030 34
979.64119 38
979.88207 32
980.12295 31
980.36384 19
980.60472 22
980.84560 22
981.08649 28
