# energy_keV counts
-9.43908 0
-9.19198 0
-8.94489 0
-8.69779 0
-8.45069 0
-8.20359 0
-7.95649 0
-7.70939 0
-7.46229 0
-7.21519 0
-6.96810 0
-6.72100 0
-6.47390 0
-6.22680 0
-5.97970 0
-5.73260 0
-5.48550 0
-5.23841 0
-4.99131 0
-4.74421 0
-4.49711 0
-4.25001 0
-4.00291 0
-3.75581 0
-3.50871 0
-3.26162 0
-3.01452 0
-2.76742 0
-2.52032 0
-2.27322 0
-2.02612 0
-1.77902 0
-1.53192 0
-1.28483 0
-1.03773 0
-0.79063 0
-0.54353 0
-0.29643 0
-0.04933 0
0.19777 0
0.44487 0
0.69196 656
0.93906 1620
1.18616 1576
1.43326 1523
1.68036 1403
1.92746 1310
2.17456 1280
2.42166 1256
2.66875 1173
2.91585 1131
3.16295 1137
3.41005 1200
3.65715 1109
3.90425 1090
4.15135 1130
4.39844 1110
4.64554 1126
4.89264 1071
5.13974 1163
5.38684 1122
5.63394 1154
5.88104 1078
6.12814 1148
6.37523 1069
6.62233 1089
6.86943 1059
7.11653 1123
7.36363 1163
7.61073 1078
7.85783 1146
8.10493 1089
8.35202 1108
8.59912 1118
8.84622 1113
9.09332 1187
9.34042 1134
9.58752 1136
9.83462 1158
10.08172 1102
10.32881 1148
10.57591 1154
10.82301 1161
11.07011 1156
11.31721 1167
11.56431 1162
11.81141 1220
12.05850 1168
12.30560 1191
12.55270 1141
12.79980 1162
13.04690 1189
13.29400 1180
13.54110 1234
13.78820 1168
14.03529 1182
14.28239 1239
14.52949 1228
14.77659 1225
15.02369 1197
15.27079 1218
15.51789 1226
15.76499 1210
16.01208 1281
16.25918 1300
16.50628 1266
16.75338 1254
17.00048 1222
17.24758 1306
17.49468 1277
17.74178 1308
17.98887 1355
18.23597 1302
18.48307 1324
18.73017 1292
18.97727 1212
19.22437 1322
19.47147 1401
19.71857 1374
19.96566 1419
20.21276 1387
20.45986 1440
20.70696 1547
20.95406 1493
21.20116 1558
21.44826 1577
21.69535 1601
21.94245 1833
22.18955 1801
22.43665 1852
22.68375 1939
22.93085 2000
23.17795 2145
23.42505 2332
23.67214 2394
23.91924 2532
24.16634 2825
24.41344 3031
24.66054 3212
24.90764 3349
25.15474 3696
25.40184 3976
25.64893 4285
25.89603 4749
26.14313 5022
26.39023 5483
26.63733 6000
26.88443 6320
27.13153 6666
27.37863 7188
27.62572 7759
27.87282 8145
28.11992 8433
28.36702 8884
28.61412 9165
28.86122 9219
29.10832 9373
29.35541 9357
29.60251 9085
29.84961 9121
30.09671 8818
30.34381 8627
30.59091 8240
30.83801 7614
31.08511 7152
31.33220 6639
31.57930 6206
31.82640 5848
32.07350 5413
32.32060 5013
32.56770 4612
32.81480 4327
33.06190 4147
33.30899 3842
33.55609 3703
33.80319 3638
34.05029 3518
34.29739 3401
34.54449 3237
34.79159 3056
35.03869 3004
35.28578 2639
35.53288 2844
35.77998 2714
36.02708 2610
36.27418 2417
36.52128 2332
36.76838 2292
37.01548 2123
37.26257 2017
37.50967 1950
37.75677 1814
38.00387 1757
38.25097 1663
38.49807 1633
38.74517 1523
38.99226 1471
39.23936 1439
39.48646 1401
39.73356 1370
39.98066 1415
40.22776 1320
40.47486 1350
40.72196 1255
40.96905 1323
41.21615 1267
41.46325 1287
41.71035 1259
41.95745 1331
42.20455 1266
42.45165 1221
42.69875 1231
42.94584 1256
43.19294 1306
43.44004 1241
43.68714 1284
43.93424 1248
44.18134 1272
44.42844 1316
44.67554 1237
44.92263 1283
45.16973 1251
45.41683 1211
45.66393 1245
45.91103 1269
46.15813 1245
46.40523 1264
46.65232 1190
46.89942 1239
47.14652 1246
47.39362 1277
47.64072 1272
47.88782 1214
48.13492 1214
48.38202 1277
48.62911 1288
48.87621 1250
49.12331 1210
49.37041 1225
49.61751 1273
49.86461 1270
50.11171 1233
50.35881 1248
50.60590 1324
50.85300 1258
51.10010 1259
51.34720 1279
51.59430 1240
51.84140 1242
52.08850 1217
52.33560 1240
52.58269 1238
52.82979 1183
53.07689 1223
53.32399 1201
53.57109 1225
53.81819 1252
54.06529 1253
54.31239 1249
54.55948 1311
54.80658 1266
55.05368 1262
55.30078 1243
55.54788 1263
55.79498 1269
56.04208 1236
56.28917 1277
56.53627 1292
56.78337 1317
57.03047 1290
57.27757 1262
57.52467 1277
57.77177 1270
58.01887 1305
58.26596 1251
58.51306 1231
58.76016 1280
59.00726 1255
59.25436 1262
59.50146 1252
59.74856 1338
59.99566 1228
60.24275 1363
60.48985 1268
60.73695 1299
60.98405 1288
61.23115 1292
61.47825 1325
61.72535 1318
61.97245 1267
62.21954 1305
62.46664 1268
62.71374 1232
62.96084 1354
63.20794 1296
63.45504 1266
63.70214 1298
63.94923 1285
64.19633 1256
64.44343 1298
64.69053 1249
64.93763 1236
65.18473 1282
65.43183 1274
65.67893 1319
65.92602 1279
66.17312 1333
66.42022 1321
66.66732 1248
66.91442 1244
67.16152 1291
67.40862 1322
67.65572 1306
67.90281 1323
68.14991 1255
68.39701 1377
68.64411 1370
68.89121 1383
69.13831 1284
69.38541 1306
69.63251 1307
69.87960 1356
70.12670 1353
70.37380 1340
70.62090 1375
70.86800 1328
71.11510 1364
71.36220 1367
71.60930 1323
71.85639 1360
72.10349 1380
72.35059 1376
72.59769 1327
72.84479 1386
73.09189 1347
73.33899 1480
73.58608 1378
73.83318 1465
74.08028 1511
74.32738 1433
74.57448 1402
74.82158 1452
75.06868 1458
75.31578 1462
75.56287 1478
75.80997 1443
76.05707 1440
76.30417 1458
76.55127 1495
76.79837 1483
77.04547 1525
77.29257 1522
77.53966 1546
77.78676 1493
78.03386 1569
78.28096 1480
78.52806 1521
78.77516 1422
79.02226 1440
79.26936 1471
79.51645 1381
79.76355 1408
80.01065 1412
80.25775 1456
80.50485 1467
80.75195 1499
80.99905 1413
81.24614 1478
81.49324 1414
81.74034 1376
81.98744 1394
82.23454 1370
82.48164 1364
82.72874 1324
82.97584 1349
83.22293 1356
83.47003 1306
83.71713 1342
83.96423 1312
84.21133 1308
84.45843 1344
84.70553 1264
84.95263 1355
85.19972 1326
85.44682 1321
85.69392 1357
85.94102 1285
86.18812 1330
86.43522 1271
86.68232 1356
86.92942 1278
87.17651 1305
87.42361 1291
87.67071 1372
87.91781 1334
88.16491 1335
88.41201 1325
88.65911 1274
88.90621 1351
89.15330 1322
89.40040 1325
89.64750 1369
89.89460 1301
90.14170 1280
90.38880 1329
90.63590 1348
90.88299 1304
91.13009 1251
91.37719 1313
91.62429 1255
91.87139 1333
92.11849 1232
92.36559 1290
92.61269 1317
92.85978 1354
93.10688 1248
93.35398 1278
93.60108 1238
93.84818 1267
94.09528 1244
94.34238 1256
94.58948 1259
94.83657 1239
95.08367 1199
95.33077 1260
95.57787 1200
95.82497 1172
96.07207 1159
96.31917 1275
96.56627 1196
96.81336 1219
97.06046 1152
97.30756 1220
97.55466 1238
97.80176 1254
98.04886 1254
98.29596 1224
98.54305 1235
98.79015 1232
99.03725 1292
99.28435 1205
99.53145 1286
99.77855 1232
100.02565 1214
100.27275 1156
100.51984 1201
100.76694 1119
101.01404 1199
101.26114 1147
101.50824 1223
101.75534 1168
102.00244 1149
102.24954 1228
102.49663 1122
102.74373 1170
102.99083 1193
103.23793 1221
103.48503 1188
103.73213 1195
103.97923 1208
104.22633 1211
104.47342 1206
104.72052 1242
104.96762 1212
105.21472 1177
105.46182 1223
105.70892 1233
105.95602 1203
106.20312 1276
106.45021 1161
106.69731 1185
106.94441 1244
107.19151 1224
107.43861 1178
107.68571 1198
107.93281 1209
108.17990 1182
108.42700 1241
108.67410 1235
108.92120 1162
109.16830 1209
109.41540 1163
109.66250 1164
109.90960 1172
110.15669 1210
110.40379 1260
110.65089 1127
110.89799 1221
111.14509 1230
111.39219 1175
111.63929 1189
111.88639 1231
112.13348 1251
112.38058 1220
112.62768 1271
112.87478 1192
113.12188 1225
113.36898 1201
113.61608 1176
113.86318 1221
114.11027 1186
114.35737 1176
114.60447 1175
114.85157 1171
115.09867 1267
115.34577 1202
115.59287 1192
115.83996 1157
116.08706 1153
116.33416 1253
116.58126 1251
116.82836 1237
117.07546 1207
117.32256 1201
117.56966 1218
117.81675 1250
118.06385 1213
118.31095 1180
118.55805 1185
118.80515 1207
119.05225 1185
119.29935 1195
119.54645 1197
119.79354 1179
120.04064 1208
120.28774 1287
120.53484 1173
120.78194 1207
121.02904 1198
121.27614 1154
121.52324 1192
121.77033 1230
122.01743 1146
122.26453 1191
122.51163 1163
122.75873 1257
123.00583 1252
123.25293 1216
123.50003 1223
123.74712 1215
123.99422 1250
124.24132 1181
124.48842 1247
124.73552 1209
124.98262 1280
125.22972 1197
125.47681 1163
125.72391 1196
125.97101 1207
126.21811 1175
126.46521 1332
126.71231 1233
126.95941 1266
127.20651 1220
127.45360 1186
127.70070 1259
127.94780 1260
128.19490 1203
128.44200 1188
128.68910 1267
128.93620 1233
129.18330 1221
129.43039 1298
129.67749 1190
129.92459 1177
130.17169 1209
130.41879 1191
130.66589 1241
130.91299 1201
131.16009 1221
131.40718 1197
131.65428 1263
131.90138 1195
132.14848 1212
132.39558 1250
132.64268 1232
132.88978 1212
133.13687 1219
133.38397 1189
133.63107 1162
133.87817 1200
134.12527 1266
134.37237 1200
134.61947 1183
134.86657 1241
135.11366 1190
135.36076 1239
135.60786 1240
135.85496 1248
136.10206 1218
136.34916 1151
136.59626 1183
136.84336 1268
137.09045 1189
137.33755 1223
137.58465 1137
137.83175 1210
138.07885 1208
138.32595 1239
138.57305 1213
138.82015 1192
139.06724 1269
139.31434 1197
139.56144 1218
139.80854 1232
140.05564 1179
140.30274 1177
140.54984 1192
140.79694 1168
141.04403 1237
141.29113 1226
141.53823 1228
141.78533 1219
142.03243 1224
142.27953 1247
142.52663 1255
142.77372 1217
143.02082 1225
143.26792 1217
143.51502 1207
143.76212 1266
144.00922 1226
144.25632 1231
144.50342 1126
144.75051 1176
144.99761 1173
145.24471 1135
145.49181 1182
145.73891 1317
145.98601 1178
146.23311 1199
146.48021 1292
146.72730 1289
146.97440 1218
147.22150 1314
147.46860 1236
147.71570 1194
147.96280 1183
148.20990 1250
148.45700 1229
148.70409 1236
148.95119 1196
149.19829 1253
149.44539 1227
149.69249 1286
149.93959 1241
150.18669 1198
150.43378 1253
150.68088 1237
150.92798 1212
151.17508 1184
151.42218 1260
151.66928 1175
151.91638 1247
152.16348 1216
152.41057 1304
152.65767 1214
152.90477 1163
153.15187 1272
153.39897 1261
153.64607 1236
153.89317 1194
154.14027 1219
154.38736 1240
154.63446 1290
154.88156 1204
155.12866 1214
155.37576 1184
155.62286 1293
155.86996 1238
156.11706 1189
156.36415 1280
156.61125 1282
156.85835 1232
157.10545 1230
157.35255 1207
157.59965 1186
157.84675 1222
158.09385 1240
158.34094 1248
158.58804 1197
158.83514 1231
159.08224 1175
159.32934 1258
159.57644 1242
159.82354 1239
160.07063 1178
160.31773 1211
160.56483 1202
160.81193 1229
161.05903 1190
161.30613 1211
161.55323 1159
161.80033 1239
162.04742 1273
162.29452 1165
162.54162 1253
162.78872 1238
163.03582 1286
163.28292 1267
163.53002 1235
163.77712 1289
164.02421 1189
164.27131 1265
164.51841 1232
164.76551 1347
165.01261 1264
165.25971 1141
165.50681 1253
165.75391 1229
166.00100 1318
166.24810 1296
166.49520 1207
166.74230 1214
166.98940 1258
167.23650 1219
167.48360 1198
167.73069 1301
167.97779 1281
168.22489 1226
168.47199 1289
168.71909 1264
168.96619 1256
169.21329 1225
169.46039 1287
169.70748 1260
169.95458 1267
170.20168 1256
170.44878 1223
170.69588 1294
170.94298 1288
171.19008 1317
171.43718 1261
171.68427 1295
171.93137 1247
172.17847 1255
172.42557 1288
172.67267 1269
172.91977 1324
173.16687 1325
173.41397 1265
173.66106 1258
173.90816 1262
174.15526 1275
174.40236 1223
174.64946 1299
174.89656 1298
175.14366 1275
175.39076 1347
175.63785 1325
175.88495 1306
176.13205 1311
176.37915 1298
176.62625 1305
176.87335 1310
177.12045 1330
177.36754 1278
177.61464 1400
177.86174 1247
178.10884 1390
178.35594 1362
178.60304 1384
178.85014 1393
179.09724 1395
179.34433 1373
179.59143 1363
179.83853 1406
180.08563 1397
180.33273 1382
180.57983 1418
180.82693 1480
181.07403 1423
181.32112 1396
181.56822 1427
181.81532 1409
182.06242 1497
182.30952 1488
182.55662 1505
182.80372 1501
183.05082 1455
183.29791 1509
183.54501 1464
183.79211 1535
184.03921 1551
184.28631 1523
184.53341 1520
184.78051 1527
185.02760 1538
185.27470 1528
185.52180 1585
185.76890 1521
186.01600 1578
186.26310 1550
186.51020 1563
186.75730 1660
187.00439 1521
187.25149 1569
187.49859 1666
187.74569 1666
187.99279 1580
188.23989 1662
188.48699 1667
188.73409 1708
188.98118 1670
189.22828 1709
189.47538 1682
189.72248 1740
189.96958 1746
190.21668 1762
190.46378 1706
190.71088 1696
190.95797 1755
191.20507 1793
191.45217 1740
191.69927 1697
191.94637 1801
192.19347 1832
192.44057 1822
192.68767 1858
192.93476 1878
193.18186 1833
193.42896 1839
193.67606 1773
193.92316 1775
194.17026 1841
194.41736 1882
194.66445 1818
194.91155 1778
195.15865 1808
195.40575 1834
195.65285 1817
195.89995 1889
196.14705 1784
196.39415 1885
196.64124 1729
196.88834 1863
197.13544 1849
197.38254 1890
197.62964 1878
197.87674 1854
198.12384 1937
198.37094 1943
198.61803 1983
198.86513 1843
199.11223 1877
199.35933 1907
199.60643 1914
199.85353 1828
200.10063 1968
200.34773 1853
200.59482 1910
200.84192 1876
201.08902 1909
201.33612 1913
201.58322 1822
201.83032 1865
202.07742 1913
202.32451 1828
202.57161 1873
202.81871 1853
203.06581 1779
203.31291 1856
203.56001 1826
203.80711 1808
204.05421 1807
204.30130 1882
204.54840 1892
204.79550 1850
205.04260 1758
205.28970 1819
205.53680 1760
205.78390 1901
206.03100 1815
206.27809 1819
206.52519 1830
206.77229 1896
207.01939 1857
207.26649 1797
207.51359 1719
207.76069 1726
208.00779 1733
208.25488 1765
208.50198 1769
208.74908 1695
208.99618 1822
209.24328 1713
209.49038 1831
209.73748 1733
209.98458 1684
210.23167 1725
210.47877 1765
210.72587 1818
210.97297 1714
211.22007 1658
211.46717 1784
211.71427 1638
211.96136 1738
212.20846 1694
212.45556 1772
212.70266 1675
212.94976 1671
213.19686 1642
213.44396 1605
213.69106 1669
213.93815 1634
214.18525 1743
214.43235 1695
214.67945 1637
214.92655 1672
215.17365 1667
215.42075 1745
215.66785 1614
215.91494 1640
216.16204 1607
216.40914 1571
216.65624 1551
216.90334 1680
217.15044 1637
217.39754 1629
217.64464 1595
217.89173 1592
218.13883 1591
218.38593 1628
218.63303 1615
218.88013 1632
219.12723 1531
219.37433 1611
219.62142 1582
219.86852 1589
220.11562 1574
220.36272 1670
220.60982 1545
220.85692 1533
221.10402 1594
221.35112 1534
221.59821 1506
221.84531 1604
222.09241 1587
222.33951 1601
222.58661 1508
222.83371 1579
223.08081 1583
223.32791 1535
223.57500 1613
223.82210 1528
224.06920 1495
224.31630 1483
224.56340 1528
224.81050 1519
225.05760 1503
225.30470 1486
225.55179 1489
225.79889 1517
226.04599 1536
226.29309 1589
226.54019 1494
226.78729 1541
227.03439 1481
227.28149 1545
227.52858 1497
227.77568 1479
228.02278 1430
228.26988 1486
228.51698 1508
228.76408 1461
229.01118 1492
229.25827 1502
229.50537 1455
229.75247 1485
229.99957 1488
230.24667 1395
230.49377 1499
230.74087 1419
230.98797 1476
231.23506 1413
231.48216 1433
231.72926 1427
231.97636 1435
232.22346 1450
232.47056 1448
232.71766 1375
232.96476 1433
233.21185 1467
233.45895 1480
233.70605 1322
233.95315 1438
234.20025 1379
234.44735 1491
234.69445 1440
234.94155 1436
235.18864 1417
235.43574 1409
235.68284 1374
235.92994 1368
236.17704 1407
236.42414 1355
236.67124 1396
236.91833 1428
237.16543 1380
237.41253 1415
237.65963 1448
237.90673 1463
238.15383 1375
238.40093 1439
238.64803 1440
238.89512 1412
239.14222 1367
239.38932 1367
239.63642 1472
239.88352 1390
240.13062 1434
240.37772 1371
240.62482 1357
240.87191 1343
241.11901 1325
241.36611 1376
241.61321 1371
241.86031 1344
242.10741 1331
242.35451 1330
242.60161 1428
242.84870 1333
243.09580 1357
243.34290 1373
243.59000 1339
243.83710 1417
244.08420 1386
244.33130 1324
244.57840 1382
244.82549 1305
245.07259 1332
245.31969 1320
245.56679 1324
245.81389 1348
246.06099 1296
246.30809 1342
246.55518 1409
246.80228 1307
247.04938 1306
247.29648 1338
247.54358 1323
247.79068 1360
248.03778 1367
248.28488 1304
248.53197 1282
248.77907 1310
249.02617 1313
249.27327 1282
249.52037 1323
249.76747 1352
250.01457 1345
250.26167 1316
250.50876 1257
250.75586 1248
251.00296 1259
251.25006 1316
251.49716 1319
251.74426 1311
251.99136 1289
252.23846 1298
252.48555 1300
252.73265 1250
252.97975 1347
253.22685 1295
253.47395 1286
253.72105 1349
253.96815 1270
254.21524 1294
254.46234 1284
254.70944 1338
254.95654 1271
255.20364 1253
255.45074 1313
255.69784 1303
255.94494 1194
256.19203 1268
256.43913 1303
256.68623 1320
256.93333 1216
257.18043 1299
257.42753 1232
257.67463 1240
257.92173 1232
258.16882 1204
258.41592 1263
258.66302 1209
258.91012 1258
259.15722 1231
259.40432 1252
259.65142 1273
259.89852 1249
260.14561 1289
260.39271 1258
260.63981 1285
260.88691 1276
261.13401 1336
261.38111 1248
261.62821 1236
261.87531 1255
262.12240 1196
262.36950 1217
262.61660 1302
262.86370 1214
263.11080 1250
263.35790 1273
263.60500 1217
263.85209 1253
264.09919 1244
264.34629 1160
264.59339 1229
264.84049 1302
265.08759 1223
265.33469 1228
265.58179 1253
265.82888 1203
266.07598 1196
266.32308 1260
266.57018 1286
266.81728 1232
267.06438 1216
267.31148 1228
267.55858 1172
267.80567 1179
268.05277 1246
268.29987 1172
268.54697 1164
268.79407 1229
269.04117 1198
269.28827 1192
269.53537 1103
269.78246 1274
270.02956 1165
270.27666 1239
270.52376 1248
270.77086 1226
271.01796 1203
271.26506 1189
271.51215 1222
271.75925 1156
272.00635 1194
272.25345 1198
272.50055 1212
272.74765 1229
272.99475 1232
273.24185 1160
273.48894 1116
273.73604 1196
273.98314 1220
274.23024 1215
274.47734 1187
274.72444 1158
274.97154 1197
275.21864 1193
275.46573 1171
275.71283 1147
275.95993 1199
276.20703 1203
276.45413 1178
276.70123 1160
276.94833 1160
277.19543 1222
277.44252 1223
277.68962 1177
277.93672 1155
278.18382 1130
278.43092 1163
278.67802 1158
278.92512 1155
279.17222 1158
279.41931 1131
279.66641 1180
279.91351 1154
280.16061 1127
280.40771 1196
280.65481 1210
280.90191 1183
281.14900 1193
281.39610 1185
281.64320 1172
281.89030 1131
282.13740 1153
282.38450 1081
282.63160 1222
282.87870 1103
283.12579 1162
283.37289 1163
283.61999 1082
283.86709 1160
284.11419 1190
284.36129 1125
284.60839 1167
284.85549 1166
285.10258 1145
285.34968 1124
285.59678 1147
285.84388 1158
286.09098 1156
286.33808 1124
286.58518 1144
286.83228 1121
287.07937 1069
287.32647 1077
287.57357 1140
287.82067 1105
288.06777 1085
288.31487 1132
288.56197 1193
288.80906 1178
289.05616 1120
289.30326 1099
289.55036 1144
289.79746 1162
290.04456 1156
290.29166 1172
290.53876 1141
290.78585 1202
291.03295 1095
291.28005 1102
291.52715 1108
291.77425 1123
292.02135 1174
292.26845 1135
292.51555 1156
292.76264 1119
293.00974 1134
293.25684 1181
293.50394 1119
293.75104 1141
293.99814 1134
294.24524 1186
294.49234 1184
294.73943 1094
294.98653 1129
295.23363 1163
295.48073 1091
295.72783 1111
295.97493 1120
296.22203 1160
296.46913 1121
296.71622 1134
296.96332 1164
297.21042 1091
297.45752 1122
297.70462 1142
297.95172 1158
298.19882 1120
298.44591 1113
298.69301 1139
298.94011 1180
299.18721 1183
299.43431 1133
299.68141 1087
299.92851 1080
300.17561 1152
300.42270 1128
300.66980 1122
300.91690 1049
301.16400 1065
301.41110 1122
301.65820 1162
301.90530 1178
302.15240 1120
302.39949 1133
302.64659 1043
302.89369 1071
303.14079 1146
303.38789 1141
303.63499 1084
303.88209 1121
304.12919 1144
304.37628 1115
304.62338 1108
304.87048 1203
305.11758 1137
305.36468 1070
305.61178 1142
305.85888 1134
306.10597 1134
306.35307 1081
306.60017 1099
306.84727 1087
307.09437 1161
307.34147 1077
307.58857 1097
307.83567 1043
308.08276 1123
308.32986 1065
308.57696 1141
308.82406 1084
309.07116 1115
309.31826 1033
309.56536 1088
309.81246 1139
310.05955 1078
310.30665 1074
310.55375 1075
310.80085 1082
311.04795 1147
311.29505 1062
311.54215 1084
311.78925 1056
312.03634 1162
312.28344 1082
312.53054 1108
312.77764 1065
313.02474 1097
313.27184 1094
313.51894 1092
313.76604 1112
314.01313 1109
314.26023 1052
314.50733 1087
314.75443 1041
315.00153 1090
315.24863 1079
315.49573 1137
315.74282 1096
315.98992 1109
316.23702 1154
316.48412 1055
316.73122 1106
316.97832 1109
317.22542 1093
317.47252 1107
317.71961 1086
317.96671 1048
318.21381 1080
318.46091 1136
318.70801 1095
318.95511 1128
319.20221 1101
319.44931 1075
319.69640 1077
319.94350 1112
320.19060 1080
320.43770 1094
320.68480 1102
320.93190 1098
321.17900 1030
321.42610 1059
321.67319 1093
321.92029 1072
322.16739 1062
322.41449 1109
322.66159 1060
322.90869 1120
323.15579 1048
323.40288 1032
323.64998 1113
323.89708 1073
324.14418 1098
324.39128 1095
324.63838 1086
324.88548 1102
325.13258 1065
325.37967 1048
325.62677 1100
325.87387 1087
326.12097 1038
326.36807 1081
326.61517 1056
326.86227 1071
327.10937 1091
327.35646 1112
327.60356 1036
327.85066 1081
328.09776 1074
328.34486 1058
328.59196 1075
328.83906 1037
329.08616 996
329.33325 1039
329.58035 1047
329.82745 1069
330.07455 1070
330.32165 1049
330.56875 1057
330.81585 1019
331.06295 1010
331.31004 1076
331.55714 1052
331.80424 1040
332.05134 1038
332.29844 1116
332.54554 1065
332.79264 1044
333.03973 1075
333.28683 1083
333.53393 1086
333.78103 1063
334.02813 1037
334.27523 993
334.52233 1070
334.76943 1108
335.01652 1013
335.26362 1107
335.51072 1074
335.75782 1044
336.00492 1052
336.25202 1072
336.49912 1052
336.74622 1018
336.99331 1119
337.24041 1094
337.48751 1076
337.73461 1079
337.98171 1011
338.22881 1022
338.47591 1081
338.72301 1088
338.97010 1027
339.21720 1050
339.46430 1014
339.71140 1047
339.95850 1054
340.20560 1061
340.45270 1034
340.69979 1050
340.94689 1061
341.19399 1072
341.44109 1017
341.68819 1030
341.93529 1065
342.18239 1063
342.42949 985
342.67658 1102
342.92368 1087
343.17078 1011
343.41788 1030
343.66498 1114
343.91208 1087
344.15918 1080
344.40628 1044
344.65337 1049
344.90047 1061
345.14757 992
345.39467 1076
345.64177 1051
345.88887 1055
346.13597 1054
346.38307 1117
346.63016 1054
346.87726 1134
347.12436 1003
347.37146 1084
347.61856 1056
347.86566 1006
348.11276 1036
348.35986 1094
348.60695 983
348.85405 1101
349.10115 1075
349.34825 1058
349.59535 1062
349.84245 1122
350.08955 1058
350.33664 1038
350.58374 1056
350.83084 1078
351.07794 1029
351.32504 1056
351.57214 1055
351.81924 1064
352.06634 1096
352.31343 1089
352.56053 1036
352.80763 1022
353.05473 1055
353.30183 1027
353.54893 1054
353.79603 1025
354.04313 1035
354.29022 1059
354.53732 1017
354.78442 1070
355.03152 1015
355.27862 1059
355.52572 1074
355.77282 1108
356.01992 1026
356.26701 1034
356.51411 1052
356.76121 1054
357.00831 1043
357.25541 1021
357.50251 1052
357.74961 1038
357.99670 1046
358.24380 994
358.49090 1043
358.73800 1048
358.98510 1060
359.23220 1072
359.47930 1067
359.72640 1054
359.97349 997
360.22059 1080
360.46769 1036
360.71479 1018
360.96189 1078
361.20899 1026
361.45609 1014
361.70319 1026
361.95028 1013
362.19738 1036
362.44448 1049
362.69158 1009
362.93868 1026
363.18578 1013
363.43288 991
363.67998 1032
363.92707 1063
364.17417 1054
364.42127 1060
364.66837 999
364.91547 1049
365.16257 1075
365.40967 1089
365.65677 1050
365.90386 996
366.15096 1024
366.39806 996
366.64516 1100
366.89226 1029
367.13936 1029
367.38646 1001
367.63355 1034
367.88065 1038
368.12775 1007
368.37485 1018
368.62195 1050
368.86905 1013
369.11615 1074
369.36325 1083
369.61034 994
369.85744 1030
370.10454 1025
370.35164 969
370.59874 1054
370.84584 1118
371.09294 1018
371.34004 1054
371.58713 999
371.83423 1048
372.08133 1067
372.32843 1024
372.57553 1037
372.82263 1014
373.06973 1025
373.31683 1102
373.56392 1033
373.81102 1010
374.05812 1003
374.30522 1079
374.55232 1020
374.79942 1080
375.04652 1031
375.29361 984
375.54071 1047
375.78781 1016
376.03491 1050
376.28201 1000
376.52911 1092
376.77621 1055
377.02331 1064
377.27040 1051
377.51750 1002
377.76460 1049
378.01170 1036
378.25880 1019
378.50590 1041
378.75300 1098
379.00010 1077
379.24719 1065
379.49429 1106
379.74139 1055
379.98849 1005
380.23559 1023
380.48269 1054
380.72979 1005
380.97689 1042
381.22398 1004
381.47108 1033
381.71818 1013
381.96528 1016
382.21238 1032
382.45948 1010
382.70658 1005
382.95368 989
383.20077 1053
383.44787 958
383.69497 1030
383.94207 1037
384.18917 1042
384.43627 1025
384.68337 994
384.93046 1034
385.17756 1065
385.42466 1015
385.67176 1006
385.91886 1073
386.16596 984
386.41306 1016
386.66016 1061
386.90725 1075
387.15435 1078
387.40145 1054
387.64855 1088
387.89565 1065
388.14275 1044
388.38985 1089
388.63695 1038
388.88404 1046
389.13114 1075
389.37824 1023
389.62534 1106
389.87244 1071
390.11954 1053
390.36664 1055
390.61374 1130
390.86083 1021
391.10793 1024
391.35503 988
391.60213 1016
391.84923 1016
392.09633 1085
392.34343 1054
392.59052 1042
392.83762 1048
393.08472 1029
393.33182 980
393.57892 1021
393.82602 1093
394.07312 1056
394.32022 1049
394.56731 1088
394.81441 996
395.06151 1019
395.30861 1061
395.55571 1038
395.80281 1076
396.04991 1051
396.29701 984
396.54410 1032
396.79120 1091
397.03830 1096
397.28540 1042
397.53250 1032
397.77960 1043
398.02670 1048
398.27380 1085
398.52089 1088
398.76799 1068
399.01509 1022
399.26219 997
399.50929 1040
399.75639 1066
400.00349 1040
400.25059 1091
400.49768 1011
400.74478 1043
400.99188 1010
401.23898 1124
401.48608 939
401.73318 1034
401.98028 1088
402.22737 1033
402.47447 1019
402.72157 1069
402.96867 1038
403.21577 1025
403.46287 1012
403.70997 1048
403.95707 1065
404.20416 1079
404.45126 1050
404.69836 1067
404.94546 1023
405.19256 1110
405.43966 1073
405.68676 1062
405.93386 1126
406.18095 1022
406.42805 1020
406.67515 1069
406.92225 1051
407.16935 1042
407.41645 1062
407.66355 1038
407.91065 1036
408.15774 1013
408.40484 967
408.65194 973
408.89904 1005
409.14614 1072
409.39324 1090
409.64034 1019
409.88743 1092
410.13453 1039
410.38163 1034
410.62873 1024
410.87583 1059
411.12293 995
411.37003 1037
411.61713 994
411.86422 1027
412.11132 1058
412.35842 1062
412.60552 1038
412.85262 1031
413.09972 1052
413.34682 1046
413.59392 1074
413.84101 1055
414.08811 1052
414.33521 1013
414.58231 1094
414.82941 1046
415.07651 1000
415.32361 1000
415.57071 1075
415.81780 1058
416.06490 967
416.31200 1104
416.55910 1042
416.80620 1041
417.05330 1066
417.30040 1083
417.54750 1091
417.79459 1021
418.04169 1054
418.28879 1012
418.53589 1013
418.78299 1064
419.03009 1081
419.27719 1087
419.52428 1022
419.77138 1089
420.01848 1023
420.26558 1018
420.51268 1038
420.75978 1106
421.00688 1058
421.25398 1085
421.50107 1060
421.74817 1024
421.99527 1052
422.24237 1043
422.48947 1092
422.73657 1065
422.98367 1097
423.23077 1045
423.47786 1073
423.72496 1057
423.97206 1031
424.21916 1012
424.46626 1095
424.71336 1073
424.96046 1092
425.20756 1067
425.45465 1019
425.70175 1062
425.94885 1038
426.19595 1069
426.44305 1003
426.69015 1051
426.93725 1059
427.18434 1069
427.43144 1129
427.67854 1100
427.92564 1033
428.17274 1066
428.41984 1039
428.66694 1092
428.91404 1099
429.16113 1101
429.40823 1044
429.65533 1006
429.90243 1049
430.14953 1072
430.39663 1058
430.64373 1069
430.89083 1059
431.13792 1078
431.38502 1100
431.63212 1041
431.87922 1073
432.12632 1103
432.37342 1102
432.62052 1054
432.86762 1159
433.11471 1009
433.36181 1055
433.60891 1030
433.85601 1102
434.10311 1106
434.35021 1080
434.59731 1059
434.84441 1040
435.09150 1068
435.33860 1041
435.58570 1007
435.83280 1098
436.07990 1072
436.32700 1027
436.57410 1032
436.82119 1079
437.06829 1093
437.31539 1073
437.56249 1084
437.80959 1097
438.05669 1074
438.30379 1082
438.55089 1045
438.79798 1098
439.04508 1070
439.29218 1042
439.53928 1072
439.78638 1061
440.03348 1036
440.28058 1139
440.52768 1122
440.77477 1058
441.02187 1054
441.26897 1089
441.51607 1076
441.76317 1014
442.01027 1079
442.25737 1068
442.50447 1078
442.75156 1118
442.99866 1081
443.24576 1062
443.49286 1002
443.73996 1069
443.98706 1050
444.23416 1050
444.48125 1072
444.72835 1038
444.97545 1060
445.22255 1040
445.46965 1191
445.71675 1022
445.96385 1065
446.21095 1090
446.45804 1113
446.70514 1032
446.95224 1042
447.19934 1085
447.44644 1068
447.69354 1057
447.94064 1054
448.18774 1130
448.43483 1078
448.68193 1024
448.92903 992
449.17613 1039
449.42323 988
449.67033 1085
449.91743 1079
450.16453 1043
450.41162 1035
450.65872 1088
450.90582 1104
451.15292 1052
451.40002 1014
451.64712 1033
451.89422 1049
452.14132 1089
452.38841 1098
452.63551 1057
452.88261 1008
453.12971 1054
453.37681 1034
453.62391 1069
453.87101 1064
454.11810 1023
454.36520 1010
454.61230 1021
454.85940 1047
455.10650 1016
455.35360 1082
455.60070 1094
455.84780 997
456.09489 1062
456.34199 1082
456.58909 1026
456.83619 1129
457.08329 1066
457.33039 1008
457.57749 1033
457.82459 1043
458.07168 1016
458.31878 994
458.56588 1080
458.81298 1058
459.06008 988
459.30718 975
459.55428 950
459.80138 1065
460.04847 977
460.29557 1039
460.54267 1000
460.78977 1030
461.03687 965
461.28397 1024
461.53107 1003
461.77816 953
462.02526 1025
462.27236 1033
462.51946 960
462.76656 953
463.01366 962
463.26076 969
463.50786 1040
463.75495 985
464.00205 999
464.24915 998
464.49625 896
464.74335 1010
464.99045 1001
465.23755 972
465.48465 964
465.73174 921
465.97884 977
466.22594 977
466.47304 911
466.72014 923
466.96724 902
467.21434 979
467.46144 927
467.70853 893
467.95563 864
468.20273 915
468.44983 932
468.69693 848
468.94403 891
469.19113 886
469.43823 856
469.68532 868
469.93242 933
470.17952 898
470.42662 868
470.67372 825
470.92082 847
471.16792 888
471.41501 799
471.66211 884
471.90921 865
472.15631 821
472.40341 824
472.65051 849
472.89761 861
473.14471 802
473.39180 798
473.63890 808
473.88600 827
474.13310 819
474.38020 813
474.62730 789
474.87440 820
475.12150 811
475.36859 793
475.61569 792
475.86279 782
476.10989 783
476.35699 798
476.60409 751
476.85119 750
477.09829 792
477.34538 768
477.59248 731
477.83958 739
478.08668 797
478.33378 708
478.58088 775
478.82798 713
479.07507 726
479.32217 714
479.56927 711
479.81637 732
480.06347 693
480.31057 701
480.55767 716
480.80477 718
481.05186 681
481.29896 694
481.54606 652
481.79316 654
482.04026 705
482.28736 661
482.53446 700
482.78156 651
483.02865 657
483.27575 638
483.52285 670
483.76995 652
484.01705 664
484.26415 671
484.51125 621
484.75835 579
485.00544 613
485.25254 614
485.49964 625
485.74674 642
485.99384 613
486.24094 579
486.48804 552
486.73514 610
486.98223 641
487.22933 615
487.47643 594
487.72353 549
487.97063 596
488.21773 589
488.46483 580
488.71192 531
488.95902 586
489.20612 596
489.45322 548
489.70032 537
489.94742 557
490.19452 545
490.44162 574
490.68871 489
490.93581 529
491.18291 523
491.43001 551
491.67711 526
491.92421 550
492.17131 479
492.41841 549
492.66550 542
492.91260 510
493.15970 500
493.40680 499
493.65390 544
493.90100 508
494.14810 483
494.39520 440
494.64229 478
494.88939 465
495.13649 510
495.38359 471
495.63069 485
495.87779 485
496.12489 444
496.37198 461
496.61908 493
496.86618 455
497.11328 482
497.36038 490
497.60748 470
497.85458 452
498.10168 449
498.34877 456
498.59587 416
498.84297 484
499.09007 401
499.33717 421
499.58427 391
499.83137 419
500.07847 427
500.32556 410
500.57266 415
500.81976 409
501.06686 436
501.31396 390
501.56106 374
501.80816 388
502.05526 399
502.30235 412
502.54945 414
502.79655 410
503.04365 405
503.29075 388
503.53785 354
503.78495 431
504.03205 389
504.27914 396
504.52624 386
504.77334 403
505.02044 401
505.26754 419
505.51464 395
505.76174 364
506.00883 389
506.25593 370
506.50303 382
506.75013 391
506.99723 389
507.24433 366
507.49143 390
507.73853 363
507.98562 370
508.23272 401
508.47982 337
508.72692 322
508.97402 359
509.22112 362
509.46822 353
509.71532 363
509.96241 368
510.20951 346
510.45661 325
510.70371 369
510.95081 356
511.19791 369
511.44501 344
511.69211 331
511.93920 359
512.18630 342
512.43340 332
512.68050 373
512.92760 339
513.17470 295
513.42180 366
513.66889 345
513.91599 353
514.16309 341
514.41019 342
514.65729 331
514.90439 352
515.15149 308
515.39859 343
515.64568 332
515.89278 311
516.13988 373
516.38698 330
516.63408 319
516.88118 295
517.12828 336
517.37538 316
517.62247 293
517.86957 324
518.11667 300
518.36377 376
518.61087 336
518.85797 318
519.10507 323
519.35217 295
519.59926 305
519.84636 300
520.09346 311
520.34056 333
520.58766 316
520.83476 300
521.08186 299
521.32896 267
521.57605 311
521.82315 304
522.07025 323
522.31735 299
522.56445 297
522.81155 297
523.05865 307
523.30574 312
523.55284 345
523.79994 312
524.04704 286
524.29414 300
524.54124 311
524.78834 285
525.03544 297
525.28253 285
525.52963 301
525.77673 274
526.02383 330
526.27093 312
526.51803 287
526.76513 271
527.01223 277
527.25932 276
527.50642 282
527.75352 289
528.00062 264
528.24772 312
528.49482 254
528.74192 279
528.98902 264
529.23611 278
529.48321 293
529.73031 296
529.97741 276
530.22451 261
530.47161 271
530.71871 288
530.96580 261
531.21290 271
531.46000 288
531.70710 284
531.95420 299
532.20130 309
532.44840 280
532.69550 280
532.94259 273
533.18969 273
533.43679 263
533.68389 270
533.93099 264
534.17809 255
534.42519 247
534.67229 285
534.91938 284
535.16648 255
535.41358 281
535.66068 293
535.90778 242
536.15488 273
536.40198 269
536.64908 271
536.89617 249
537.14327 230
537.39037 250
537.63747 240
537.88457 238
538.13167 272
538.37877 247
538.62587 255
538.87296 250
539.12006 242
539.36716 270
539.61426 280
539.86136 258
540.10846 281
540.35556 284
540.60265 263
540.84975 253
541.09685 240
541.34395 266
541.59105 221
541.83815 221
542.08525 265
542.33235 271
542.57944 272
542.82654 242
543.07364 241
543.32074 257
543.56784 216
543.81494 258
544.06204 260
544.30914 242
544.55623 244
544.80333 241
545.05043 229
545.29753 260
545.54463 245
545.79173 247
546.03883 234
546.28593 247
546.53302 250
546.78012 242
547.02722 224
547.27432 221
547.52142 243
547.76852 218
548.01562 218
548.26271 275
548.50981 231
548.75691 224
549.00401 229
549.25111 228
549.49821 225
549.74531 235
549.99241 229
550.23950 216
550.48660 239
550.73370 234
550.98080 220
551.22790 231
551.47500 236
551.72210 242
551.96920 236
552.21629 229
552.46339 254
552.71049 248
552.95759 236
553.20469 219
553.45179 217
553.69889 240
553.94599 223
554.19308 228
554.44018 245
554.68728 224
554.93438 240
555.18148 216
555.42858 220
555.67568 223
555.92278 223
556.16987 221
556.41697 231
556.66407 235
556.91117 252
557.15827 230
557.40537 217
557.65247 242
557.89956 223
558.14666 242
558.39376 252
558.64086 204
558.88796 240
559.13506 223
559.38216 205
559.62926 220
559.87635 226
560.12345 206
560.37055 217
560.61765 221
560.86475 210
561.11185 245
561.35895 214
561.60605 192
561.85314 245
562.10024 228
562.34734 244
562.59444 221
562.84154 206
563.08864 218
563.33574 220
563.58284 246
563.82993 218
564.07703 218
564.32413 232
564.57123 246
564.81833 203
565.06543 254
565.31253 223
565.55962 230
565.80672 186
566.05382 198
566.30092 246
566.54802 217
566.79512 207
567.04222 241
567.28932 207
567.53641 225
567.78351 201
568.03061 219
568.27771 217
568.52481 206
568.77191 235
569.01901 221
569.26611 266
569.51320 246
569.76030 219
570.00740 231
570.25450 194
570.50160 244
570.74870 205
570.99580 212
571.24290 232
571.48999 223
571.73709 187
571.98419 211
572.23129 215
572.47839 191
572.72549 199
572.97259 220
573.21969 205
573.46678 193
573.71388 215
573.96098 207
574.20808 231
574.45518 218
574.70228 239
574.94938 225
575.19647 229
575.44357 230
575.69067 226
575.93777 204
576.18487 220
576.43197 224
576.67907 220
576.92617 228
577.17326 239
577.42036 219
577.66746 230
577.91456 196
578.16166 213
578.40876 229
578.65586 206
578.90296 240
579.15005 216
579.39715 215
579.64425 210
579.89135 223
580.13845 218
580.38555 217
580.63265 216
580.87975 241
581.12684 230
581.37394 212
581.62104 231
581.86814 237
582.11524 214
582.36234 251
582.60944 221
582.85653 235
583.10363 193
583.35073 227
583.59783 211
583.84493 225
584.09203 230
584.33913 211
584.58623 236
584.83332 222
585.08042 231
585.32752 238
585.57462 232
585.82172 231
586.06882 212
586.31592 196
586.56302 241
586.81011 233
587.05721 220
587.30431 212
587.55141 225
587.79851 219
588.04561 249
588.29271 253
588.53981 216
588.78690 221
589.03400 216
589.28110 252
589.52820 225
589.77530 258
590.02240 240
590.26950 223
590.51660 217
590.76369 254
591.01079 235
591.25789 227
591.50499 217
591.75209 195
591.99919 229
592.24629 236
592.49338 234
592.74048 240
592.98758 226
593.23468 252
593.48178 217
593.72888 266
593.97598 237
594.22308 232
594.47017 250
594.71727 216
594.96437 253
595.21147 223
595.45857 230
595.70567 225
595.95277 244
596.19987 243
596.44696 249
596.69406 235
596.94116 225
597.18826 235
597.43536 239
597.68246 239
597.92956 258
598.17666 225
598.42375 260
598.67085 236
598.91795 255
599.16505 247
599.41215 242
599.65925 239
599.90635 244
600.15344 249
600.40054 279
600.64764 247
600.89474 268
601.14184 220
601.38894 250
601.63604 287
601.88314 259
602.13023 265
602.37733 244
602.62443 246
602.87153 256
603.11863 259
603.36573 249
603.61283 265
603.85993 300
604.10702 261
604.35412 297
604.60122 275
604.84832 271
605.09542 261
605.34252 304
605.58962 265
605.83672 272
606.08381 240
606.33091 285
606.57801 272
606.82511 275
607.07221 311
607.31931 287
607.56641 294
607.81351 285
608.06060 291
608.30770 261
608.55480 289
608.80190 258
609.04900 306
609.29610 269
609.54320 292
609.79029 284
610.03739 280
610.28449 296
610.53159 296
610.77869 286
611.02579 290
611.27289 300
611.51999 291
611.76708 353
612.01418 303
612.26128 313
612.50838 308
612.75548 328
613.00258 310
613.24968 322
613.49678 311
613.74387 360
613.99097 355
614.23807 345
614.48517 337
614.73227 352
614.97937 360
615.22647 350
615.47357 364
615.72066 321
615.96776 379
616.21486 331
616.46196 339
616.70906 389
616.95616 388
617.20326 336
617.45035 399
617.69745 415
617.94455 373
618.19165 390
618.43875 418
618.68585 440
618.93295 397
619.18005 438
619.42714 405
619.67424 384
619.92134 403
620.16844 437
620.41554 447
620.66264 476
620.90974 445
621.15684 488
621.40393 480
621.65103 455
621.89813 484
622.14523 498
622.39233 512
622.63943 478
622.88653 527
623.13363 551
623.38072 525
623.62782 550
623.87492 528
624.12202 569
624.36912 611
624.61622 609
624.86332 602
625.11042 614
625.35751 602
625.60461 595
625.85171 575
626.09881 597
626.34591 675
626.59301 620
626.84011 704
627.08720 691
627.33430 642
627.58140 763
627.82850 689
628.07560 761
628.32270 765
628.56980 733
628.81690 780
629.06399 780
629.31109 779
629.55819 864
629.80529 802
630.05239 880
630.29949 939
630.54659 850
630.79369 887
631.04078 967
631.28788 957
631.53498 977
631.78208 939
632.02918 968
632.27628 938
632.52338 983
632.77048 1059
633.01757 1081
633.26467 1113
633.51177 1131
633.75887 1131
634.00597 1220
634.25307 1198
634.50017 1173
634.74726 1182
634.99436 1221
635.24146 1270
635.48856 1281
635.73566 1278
635.98276 1305
636.22986 1309
636.47696 1395
636.72405 1380
636.97115 1424
637.21825 1573
637.46535 1597
637.71245 1500
637.95955 1532
638.20665 1573
638.45375 1581
638.70084 1580
638.94794 1696
639.19504 1671
639.44214 1706
639.68924 1760
639.93634 1813
640.18344 1746
640.43054 1849
640.67763 1818
640.92473 1861
641.17183 1889
641.41893 1915
641.66603 1990
641.91313 2033
642.16023 2084
642.40733 2076
642.65442 2183
642.90152 2225
643.14862 2350
643.39572 2177
643.64282 2267
643.88992 2275
644.13702 2404
644.38411 2500
644.63121 2456
644.87831 2506
645.12541 2532
645.37251 2657
645.61961 2638
645.86671 2580
646.11381 2724
646.36090 2730
646.60800 2807
646.85510 2781
647.10220 2993
647.34930 2853
647.59640 2968
647.84350 3059
648.09060 3015
648.33769 3110
648.58479 3153
648.83189 3261
649.07899 3163
649.32609 3176
649.57319 3284
649.82029 3335
650.06739 3325
650.31448 3437
650.56158 3593
650.80868 3506
651.05578 3522
651.30288 3662
651.54998 3714
651.79708 3793
652.04417 3793
652.29127 3988
652.53837 3871
652.78547 4015
653.03257 3916
653.27967 4127
653.52677 4151
653.77387 4177
654.02096 4169
654.26806 4413
654.51516 4359
654.76226 4335
655.00936 4401
655.25646 4447
655.50356 4619
655.75066 4644
655.99775 4707
656.24485 4647
656.49195 4776
656.73905 4853
656.98615 4734
657.23325 4959
657.48035 4880
657.72745 5014
657.97454 5113
658.22164 5073
658.46874 5038
658.71584 5101
658.96294 5180
659.21004 5275
659.45714 5302
659.70424 5418
659.95133 5407
660.19843 5421
660.44553 5605
660.69263 5709
660.93973 5705
661.18683 5818
661.43393 5814
661.68102 5793
661.92812 5923
662.17522 5957
662.42232 6034
662.66942 6205
662.91652 6166
663.16362 6179
663.41072 6135
663.65781 6232
663.90491 6227
664.15201 6484
664.39911 6217
664.64621 6231
664.89331 6320
665.14041 6439
665.38751 6656
665.63460 6517
665.88170 6484
666.12880 6640
666.37590 6636
666.62300 6679
666.87010 6675
667.11720 6827
667.36430 6734
667.61139 6690
667.85849 6655
668.10559 7023
668.35269 6998
668.59979 7028
668.84689 7055
669.09399 6916
669.34108 6957
669.58818 7128
669.83528 7140
670.08238 7151
670.32948 7376
670.57658 7199
670.82368 7219
671.07078 7188
671.31787 7196
671.56497 7167
671.81207 7285
672.05917 7326
672.30627 7251
672.55337 7287
672.80047 7322
673.04757 7322
673.29466 7487
673.54176 7378
673.78886 7332
674.03596 7357
674.28306 7503
674.53016 7354
674.77726 7335
675.02436 7438
675.27145 7385
675.51855 7459
675.76565 7391
676.01275 7399
676.25985 7438
676.50695 7459
676.75405 7499
677.00115 7427
677.24824 7460
677.49534 7262
677.74244 7429
677.98954 7337
678.23664 7248
678.48374 7411
678.73084 7312
678.97793 7333
679.22503 7337
679.47213 7253
679.71923 7251
679.96633 7256
680.21343 7341
680.46053 7298
680.70763 7097
680.95472 7116
681.20182 7196
681.44892 7070
681.69602 7098
681.94312 7018
682.19022 6914
682.43732 6956
682.68442 7030
682.93151 6921
683.17861 6956
683.42571 6942
683.67281 6930
683.91991 6738
684.16701 6829
684.41411 6714
684.66121 6804
684.90830 6612
685.15540 6612
685.40250 6472
685.64960 6453
685.89670 6421
686.14380 6295
686.39090 6307
686.63799 6430
686.88509 6192
687.13219 6395
687.37929 6153
687.62639 6124
687.87349 6217
688.12059 6085
688.36769 6003
688.61478 5955
688.86188 5981
689.10898 5668
689.35608 5780
689.60318 5841
689.85028 5806
690.09738 5651
690.34448 5590
690.59157 5569
690.83867 5547
691.08577 5375
691.33287 5262
691.57997 5433
691.82707 5245
692.07417 5191
692.32127 5114
692.56836 4979
692.81546 5086
693.06256 4974
693.30966 4884
693.55676 4928
693.80386 4868
694.05096 4711
694.29806 4634
694.54515 4623
694.79225 4481
695.03935 4462
695.28645 4428
695.53355 4334
695.78065 4294
696.02775 4297
696.27484 4331
696.52194 4203
696.76904 4047
697.01614 4040
697.26324 3970
697.51034 3854
697.75744 3856
698.00454 3818
698.25163 3818
698.49873 3745
698.74583 3610
698.99293 3642
699.24003 3529
699.48713 3526
699.73423 3437
699.98133 3365
700.22842 3248
700.47552 3110
700.72262 3210
700.96972 3135
701.21682 3078
701.46392 3061
701.71102 3117
701.95812 3005
702.20521 2941
702.45231 2966
702.69941 2862
702.94651 2742
703.19361 2778
703.44071 2621
703.68781 2601
703.93490 2631
704.18200 2496
704.42910 2422
704.67620 2406
704.92330 2345
705.17040 2287
705.41750 2277
705.66460 2324
705.91169 2280
706.15879 2091
706.40589 2149
706.65299 2124
706.90009 2012
707.14719 1957
707.39429 1965
707.64139 1988
707.88848 1892
708.13558 1764
708.38268 1787
708.62978 1725
708.87688 1671
709.12398 1614
709.37108 1612
709.61818 1697
709.86527 1572
710.11237 1570
710.35947 1554
710.60657 1471
710.85367 1401
711.10077 1384
711.34787 1429
711.59497 1357
711.84206 1394
712.08916 1319
712.33626 1292
712.58336 1250
712.83046 1261
713.07756 1215
713.32466 1174
713.57175 1148
713.81885 1084
714.06595 1088
714.31305 1043
714.56015 994
714.80725 985
715.05435 922
715.30145 934
715.54854 985
715.79564 874
716.04274 869
716.28984 902
716.53694 823
716.78404 895
717.03114 793
717.27824 759
717.52533 758
717.77243 791
718.01953 760
718.26663 729
718.51373 710
718.76083 689
719.00793 625
719.25503 640
719.50212 684
719.74922 582
719.99632 638
720.24342 606
720.49052 552
720.73762 502
720.98472 562
721.23181 531
721.47891 528
721.72601 453
721.97311 484
722.22021 471
722.46731 471
722.71441 432
722.96151 452
723.20860 436
723.45570 430
723.70280 432
723.94990 382
724.19700 388
724.44410 393
724.69120 377
724.93830 353
725.18539 354
725.43249 365
725.67959 310
725.92669 323
726.17379 342
726.42089 339
726.66799 303
726.91509 306
727.16218 303
727.40928 261
727.65638 222
727.90348 269
728.15058 256
728.39768 280
728.64478 245
728.89188 249
729.13897 250
729.38607 214
729.63317 253
729.88027 222
730.12737 180
730.37447 213
730.62157 239
730.86866 198
731.11576 202
731.36286 203
731.60996 195
731.85706 190
732.10416 193
732.35126 160
732.59836 154
732.84545 160
733.09255 176
733.33965 179
733.58675 166
733.83385 153
734.08095 149
734.32805 162
734.57515 166
734.82224 122
735.06934 141
735.31644 149
735.56354 131
735.81064 132
736.05774 143
736.30484 133
736.55194 142
736.79903 154
737.04613 109
737.29323 122
737.54033 119
737.78743 139
738.03453 138
738.28163 111
738.52872 115
738.77582 117
739.02292 95
739.27002 97
739.51712 130
739.76422 117
740.01132 126
740.25842 123
740.50551 130
740.75261 101
740.99971 94
741.24681 102
741.49391 118
741.74101 110
741.98811 106
742.23521 98
742.48230 96
742.72940 89
742.97650 108
743.22360 107
743.47070 89
743.71780 87
743.96490 76
744.21200 87
744.45909 86
744.70619 97
744.95329 98
745.20039 79
745.44749 76
745.69459 80
745.94169 87
746.18879 73
746.43588 98
746.68298 97
746.93008 83
747.17718 85
747.42428 70
747.67138 59
747.91848 86
748.16557 73
748.41267 83
748.65977 98
748.90687 77
749.15397 81
749.40107 73
749.64817 68
749.89527 76
750.14236 74
750.38946 78
750.63656 68
750.88366 69
751.13076 76
751.37786 70
751.62496 79
751.87206 76
752.11915 69
752.36625 81
752.61335 80
752.86045 63
753.10755 75
753.35465 67
753.60175 81
753.84885 80
754.09594 69
754.34304 59
754.59014 70
754.83724 72
755.08434 72
755.33144 69
755.57854 82
755.82563 77
756.07273 80
756.31983 67
756.56693 51
756.81403 81
757.06113 74
757.30823 74
757.55533 65
757.80242 68
758.04952 69
758.29662 67
758.54372 81
758.79082 65
759.03792 71
759.28502 53
759.53212 78
759.77921 70
760.02631 66
760.27341 69
760.52051 66
760.76761 67
761.01471 75
761.26181 58
761.50891 64
761.75600 65
762.00310 53
762.25020 60
762.49730 67
762.74440 68
762.99150 64
763.23860 51
763.48570 62
763.73279 61
763.97989 57
764.22699 74
764.47409 69
764.72119 66
764.96829 58
765.21539 48
765.46248 60
765.70958 67
765.95668 53
766.20378 52
766.45088 61
766.69798 58
766.94508 75
767.19218 74
767.43927 65
767.68637 58
767.93347 61
768.18057 59
768.42767 51
768.67477 70
768.92187 62
769.16897 49
769.41606 62
769.66316 67
769.91026 53
770.15736 66
770.40446 63
770.65156 53
770.89866 60
771.14576 57
771.39285 59
771.63995 65
771.88705 63
772.13415 54
772.38125 57
772.62835 52
772.87545 58
773.12254 63
773.36964 64
773.61674 55
773.86384 57
774.11094 67
774.35804 61
774.60514 54
774.85224 57
775.09933 72
775.34643 51
775.59353 50
775.84063 74
776.08773 51
776.33483 60
776.58193 63
776.82903 62
777.07612 66
777.32322 55
777.57032 55
777.81742 69
778.06452 59
778.31162 67
778.55872 66
778.80582 66
779.05291 59
779.30001 60
779.54711 60
779.79421 58
780.04131 51
780.28841 60
780.53551 45
780.78261 60
781.02970 72
781.27680 58
781.52390 51
781.77100 67
782.01810 63
782.26520 59
782.51230 61
782.75939 71
783.00649 61
783.25359 62
783.50069 58
783.74779 60
783.99489 64
784.24199 63
784.48909 79
784.73618 61
784.98328 52
785.23038 67
785.47748 53
785.72458 60
785.97168 72
786.21878 57
786.46588 53
786.71297 51
786.96007 58
787.20717 57
787.45427 69
787.70137 47
787.94847 47
788.19557 44
788.44267 50
788.68976 58
788.93686 51
789.18396 48
789.43106 63
789.67816 54
789.92526 62
790.17236 42
790.41945 56
790.66655 59
790.91365 57
791.16075 54
791.40785 47
791.65495 55
791.90205 62
792.14915 48
792.39624 53
792.64334 53
792.89044 59
793.13754 61
793.38464 55
793.63174 57
793.87884 60
794.12594 57
794.37303 55
794.62013 48
794.86723 47
795.11433 57
795.36143 61
795.60853 59
795.85563 51
796.10273 49
796.34982 50
796.59692 64
796.84402 59
797.09112 68
797.33822 42
797.58532 61
797.83242 55
798.07952 51
798.32661 59
798.57371 60
798.82081 49
799.06791 51
799.31501 52
799.56211 41
799.80921 51
800.05630 44
800.30340 49
800.55050 48
800.79760 56
801.04470 41
801.29180 45
801.53890 56
801.78600 56
802.03309 36
802.28019 39
802.52729 62
802.77439 52
803.02149 54
803.26859 45
803.51569 47
803.76279 44
804.00988 67
804.25698 37
804.50408 47
804.75118 52
804.99828 43
805.24538 70
805.49248 52
805.73958 59
805.98667 59
806.23377 43
806.48087 59
806.72797 40
806.97507 43
807.22217 37
807.46927 50
807.71636 40
807.96346 53
808.21056 50
808.45766 51
808.70476 55
808.95186 65
809.19896 51
809.44606 70
809.69315 52
809.94025 57
810.18735 59
810.43445 47
810.68155 56
810.92865 66
811.17575 45
811.42285 64
811.66994 52
811.91704 49
812.16414 58
812.41124 41
812.65834 41
812.90544 50
813.15254 47
813.39964 48
813.64673 56
813.89383 47
814.14093 50
814.38803 53
814.63513 50
814.88223 49
815.12933 45
815.37643 48
815.62352 50
815.87062 48
816.11772 63
816.36482 46
816.61192 67
816.85902 47
817.10612 46
817.35321 43
817.60031 45
817.84741 47
818.09451 53
818.34161 33
818.58871 44
818.83581 63
819.08291 49
819.33000 68
819.57710 47
819.82420 49
820.07130 37
820.31840 54
820.56550 45
820.81260 51
821.05970 42
821.30679 51
821.55389 45
821.80099 55
822.04809 37
822.29519 45
822.54229 39
822.78939 47
823.03649 53
823.28358 43
823.53068 47
823.77778 53
824.02488 63
824.27198 59
824.51908 40
824.76618 44
825.01327 46
825.26037 47
825.50747 44
825.75457 46
826.00167 41
826.24877 42
826.49587 43
826.74297 53
826.99006 43
827.23716 50
827.48426 34
827.73136 49
827.97846 40
828.22556 50
828.47266 52
828.71976 56
828.96685 49
829.21395 40
829.46105 50
829.70815 45
829.95525 51
830.20235 64
830.44945 37
830.69655 52
830.94364 41
831.19074 53
831.43784 45
831.68494 51
831.93204 52
832.17914 43
832.42624 49
832.67334 42
832.92043 47
833.16753 51
833.41463 48
833.66173 43
833.90883 52
834.15593 46
834.40303 40
834.65012 45
834.89722 48
835.14432 50
835.39142 46
835.63852 55
835.88562 46
836.13272 58
836.37982 46
836.62691 50
836.87401 56
837.12111 39
837.36821 57
837.61531 39
837.86241 34
838.10951 54
838.35661 37
838.60370 47
838.85080 39
839.09790 50
839.34500 58
839.59210 51
839.83920 40
840.08630 61
840.33340 49
840.58049 45
840.82759 51
841.07469 42
841.32179 45
841.56889 41
841.81599 53
842.06309 54
842.31018 33
842.55728 43
842.80438 43
843.05148 39
843.29858 48
843.54568 44
843.79278 42
844.03988 46
844.28697 46
844.53407 37
844.78117 51
845.02827 50
845.27537 47
845.52247 45
845.76957 51
846.01667 41
846.26376 54
846.51086 51
846.75796 43
847.00506 46
847.25216 51
847.49926 54
847.74636 40
847.99346 39
848.24055 45
848.48765 50
848.73475 49
848.98185 44
849.22895 40
849.47605 50
849.72315 44
849.97025 48
850.21734 43
850.46444 49
850.71154 50
850.95864 52
851.20574 41
851.45284 48
851.69994 48
851.94703 48
852.19413 46
852.44123 50
852.68833 49
852.93543 43
853.18253 58
853.42963 40
853.67673 39
853.92382 46
854.17092 27
854.41802 38
854.66512 38
854.91222 46
855.15932 43
855.40642 44
855.65352 37
855.90061 53
856.14771 48
856.39481 55
856.64191 37
856.88901 36
857.13611 36
857.38321 44
857.63031 53
857.87740 32
858.12450 58
858.37160 36
858.61870 49
858.86580 47
859.11290 47
859.36000 41
859.60709 36
859.85419 41
860.10129 46
860.34839 44
860.59549 45
860.84259 54
861.08969 38
861.33679 51
861.58388 41
861.83098 32
862.07808 50
862.32518 33
862.57228 42
862.81938 38
863.06648 45
863.31358 46
863.56067 40
863.80777 49
864.05487 47
864.30197 39
864.54907 43
864.79617 46
865.04327 37
865.29037 45
865.53746 55
865.78456 38
866.03166 39
866.27876 44
866.52586 45
866.77296 28
867.02006 45
867.26716 46
867.51425 54
867.76135 39
868.00845 46
868.25555 52
868.50265 41
868.74975 43
868.99685 37
869.24394 39
869.49104 38
869.73814 40
869.98524 34
870.23234 29
870.47944 43
870.72654 26
870.97364 48
871.22073 33
871.46783 42
871.71493 39
871.96203 34
872.20913 39
872.45623 47
872.70333 41
872.95043 40
873.19752 50
873.44462 33
873.69172 44
873.93882 45
874.18592 46
874.43302 40
874.68012 52
874.92722 52
875.17431 32
875.42141 36
875.66851 48
875.91561 40
876.16271 33
876.40981 56
876.65691 44
876.90400 52
877.15110 37
877.39820 53
877.64530 33
877.89240 46
878.13950 43
878.38660 37
878.63370 34
878.88079 38
879.12789 39
879.37499 40
879.62209 34
879.86919 52
880.11629 32
880.36339 33
880.61049 50
880.85758 39
881.10468 33
881.35178 31
881.59888 34
881.84598 28
882.09308 32
882.34018 35
882.58728 40
882.83437 53
883.08147 31
883.32857 40
883.57567 39
883.82277 45
884.06987 45
884.31697 48
884.56407 29
884.81116 27
885.05826 46
885.30536 47
885.55246 38
885.79956 41
886.04666 38
886.29376 38
886.54085 48
886.78795 39
887.03505 42
887.28215 46
887.52925 38
887.77635 38
888.02345 37
888.27055 45
888.51764 48
888.76474 46
889.01184 39
889.25894 37
889.50604 36
889.75314 35
890.00024 28
890.24734 49
890.49443 46
890.74153 35
890.98863 52
891.23573 40
891.48283 47
891.72993 33
891.97703 44
892.22413 44
892.47122 40
892.71832 46
892.96542 41
893.21252 39
893.45962 46
893.70672 36
893.95382 48
894.20091 40
894.44801 43
894.69511 32
894.94221 50
895.18931 44
895.43641 45
895.68351 50
895.93061 51
896.17770 46
896.42480 42
896.67190 35
896.91900 35
897.16610 33
897.41320 40
897.66030 32
897.90740 44
898.15449 38
898.40159 31
898.64869 44
898.89579 36
899.14289 41
899.38999 31
899.63709 36
899.88419 33
900.13128 39
900.37838 37
900.62548 42
900.87258 37
901.11968 32
901.36678 33
901.61388 33
901.86098 32
902.10807 39
902.35517 43
902.60227 40
902.84937 31
903.09647 30
903.34357 49
903.59067 26
903.83776 36
904.08486 30
904.33196 44
904.57906 28
904.82616 36
905.07326 37
905.32036 32
905.56746 37
905.81455 30
906.06165 38
906.30875 32
906.55585 42
906.80295 38
907.05005 38
907.29715 32
907.54425 38
907.79134 32
908.03844 29
908.28554 37
908.53264 39
908.77974 39
909.02684 46
909.27394 33
909.52104 27
909.76813 31
910.01523 33
910.26233 44
910.50943 37
910.75653 31
911.00363 39
911.25073 36
911.49782 32
911.74492 31
911.99202 49
912.23912 30
912.48622 31
912.73332 38
912.98042 36
913.22752 35
913.47461 30
913.72171 36
913.96881 37
914.21591 36
914.46301 40
914.71011 42
914.95721 41
915.20431 29
915.45140 38
915.69850 21
915.94560 32
916.19270 26
916.43980 33
916.68690 42
916.93400 33
917.18110 37
917.42819 33
917.67529 39
917.92239 37
918.16949 28
918.41659 52
918.66369 31
918.91079 32
919.15789 43
919.40498 37
919.65208 34
919.89918 31
920.14628 37
920.39338 26
920.64048 34
920.88758 24
921.13467 34
921.38177 35
921.62887 26
921.87597 37
922.12307 34
922.37017 21
922.61727 25
922.86437 36
923.11146 37
923.35856 29
923.60566 34
923.85276 36
924.09986 29
924.34696 33
924.59406 40
924.84116 33
925.08825 37
925.33535 36
925.58245 35
925.82955 31
926.07665 33
926.32375 32
926.57085 26
926.81795 36
927.06504 36
927.31214 34
927.55924 37
927.80634 35
928.05344 22
928.30054 38
928.54764 26
928.79473 41
929.04183 33
929.28893 34
929.53603 33
929.78313 35
930.03023 45
930.27733 33
930.52443 35
930.77152 34
931.01862 30
931.26572 25
931.51282 42
931.75992 48
932.00702 37
932.25412 46
932.50122 39
932.74831 36
932.99541 36
933.24251 30
933.48961 25
933.73671 34
933.98381 23
934.23091 39
934.47801 35
934.72510 31
934.97220 19
935.21930 36
935.46640 40
935.71350 36
935.96060 23
936.20770 31
936.45480 33
936.70189 40
936.94899 33
937.19609 27
937.44319 27
937.69029 37
937.93739 39
938.18449 33
938.43158 33
938.67868 30
938.92578 31
939.17288 24
939.41998 36
939.66708 33
939.91418 30
940.16128 31
940.40837 30
940.65547 27
940.90257 34
941.14967 21
941.39677 30
941.64387 35
941.89097 32
942.13807 36
942.38516 31
942.63226 35
942.87936 36
943.12646 32
943.37356 32
943.62066 26
943.86776 33
944.11486 33
944.36195 32
944.60905 40
944.85615 29
945.10325 26
945.35035 25
945.59745 23
945.84455 33
946.09164 29
946.33874 26
946.58584 27
946.83294 28
947.08004 22
947.32714 37
947.57424 27
947.82134 30
948.06843 20
948.31553 35
948.56263 36
948.80973 21
949.05683 32
949.30393 41
949.55103 29
949.79813 27
950.04522 37
950.29232 41
950.53942 29
950.78652 28
951.03362 27
951.28072 44
951.52782 23
951.77492 28
952.02201 30
952.26911 30
952.51621 30
952.76331 28
953.01041 22
953.25751 31
953.50461 28
953.75171 31
953.99880 23
954.24590 35
954.49300 22
954.74010 25
954.98720 33
955.23430 22
955.48140 32
955.72849 25
955.97559 27
956.22269 30
956.46979 32
956.71689 25
956.96399 27
957.21109 36
957.45819 28
957.70528 14
957.95238 33
958.19948 35
958.44658 26
958.69368 24
958.94078 41
959.18788 27
959.43498 39
959.68207 27
959.92917 22
960.17627 27
960.42337 42
960.67047 34
960.91757 28
961.16467 27
961.41177 26
961.65886 24
961.90596 33
962.15306 30
962.40016 33
962.64726 27
962.89436 27
963.14146 30
963.38855 30
963.63565 37
963.88275 27
964.12985 32
964.37695 26
964.62405 36
964.87115 26
965.11825 23
965.36534 37
965.61244 31
965.85954 39
966.10664 26
966.35374 19
966.60084 32
966.84794 25
967.09504 23
967.34213 32
967.58923 31
967.83633 24
968.08343 18
968.33053 34
968.57763 25
968.82473 31
969.07183 30
969.31892 31
969.56602 35
969.81312 29
970.06022 24
970.30732 21
970.55442 26
970.80152 29
971.04862 36
971.29571 21
971.54281 31
971.78991 29
972.03701 28
972.28411 33
972.53121 26
972.77831 31
973.02540 33
973.27250 24
973.51960 24
973.76670 28
974.01380 32
974.26090 31
974.50800 20
974.75510 26
975.00219 24
975.24929 30
975.49639 19
975.74349 34
975.99059 32
976.23769 35
976.48479 33
976.73189 28
976.97898 33
977.22608 24
977.47318 25
977.72028 20
977.96738 31
978.21448 28
978.46158 44
978.70868 31
978.95577 27
979.20287 22
979.44997 23
979.69707 22
979.94417 19
980.19127 22
980.43837 34
980.68546 27
980.93256 30
981.17966 36
981.42676 23
981.67386 29
981.92096 29
982.16806 31
982.41516 25
982.66225 34
982.90935 23
983.15645 32
983.40355 31
983.65065 25
983.89775 28
984.14485 27
984.39195 33
984.63904 30
984.88614 31
985.13324 35
985.38034 26
985.62744 22
985.87454 22
986.12164 21
986.36874 26
986.61583 24
986.86293 14
987.11003 33
987.35713 34
987.60423 35
987.85133 28
988.09843 26
988.34553 28
988.59262 33
988.83972 23
989.08682 21
989.33392 25
989.58102 21
989.82812 28
990.07522 21
990.32231 37
990.56941 25
990.81651 22
991.06361 20
991.31071 29
991.55781 20
991.80491 17
992.05201 35
992.29910 26
992.54620 24
992.79330 31
993.04040 21
993.28750 22
993.53460 25
993.78170 23
994.02880 36
994.27589 29
994.52299 32
994.77009 23
995.01719 30
995.26429 25
995.51139 28
995.75849 35
996.00559 27
996.25268 19
996.49978 22
996.74688 26
996.99398 21
997.24108 18
997.48818 24
997.73528 31
997.98237 15
998.22947 21
998.47657 22
998.72367 27
998.97077 24
999.21787 17
999.46497 20
999.71207 25
999.95916 24
1000.20626 25
1000.45336 19
1000.70046 34
1000.94756 38
1001.19466 32
1001.44176 31
1001.68886 19
1001.93595 22
1002.18305 22
1002.43015 28
