# energy_keV counts
-5.32949 0
-5.08861 0
-4.84773 0
-4.60684 0
-4.36596 0
-4.12508 0
-3.88420 0
-3.64331 0
-3.40243 0
-3.16155 0
-2.92066 0
-2.67978 0
-2.43890 0
-2.19801 0
-1.95713 0
-1.71625 0
-1.47537 0
-1.23448 0
-0.99360 0
-0.75272 0
-0.51183 0
-0.27095 0
-0.03007 0
0.21082 0
0.45170 0
0.69258 0
0.93346 0
1.17435 0
1.41523 0
1.65611 0
1.89700 0
2.13788 0
2.37876 0
2.61965 0
2.86053 0
3.10141 0
3.34229 0
3.58318 0
3.82406 0
4.06494 0
4.30583 0
4.54671 16
4.78759 44
5.02848 28
5.26936 31
5.51024 36
5.75113 42
5.99201 37
6.23289 48
6.47377 28
6.71466 22
6.95554 28
7.19642 34
7.43731 28
7.67819 42
7.91907 32
8.15996 34
8.40084 34
8.64172 36
8.88260 28
9.12349 30
9.36437 31
9.60525 21
9.84614 39
10.08702 37
10.32790 40
10.56879 33
10.80967 26
11.05055 36
11.29143 34
11.53232 40
11.77320 35
12.01408 35
12.25497 31
12.49585 42
12.73673 39
12.97762 20
13.21850 43
13.45938 35
13.70026 29
13.94115 36
14.18203 26
14.42291 48
14.66380 31
14.90468 35
15.14556 41
15.38645 31
15.62733 31
15.86821 27
16.10910 34
16.34998 29
16.59086 30
16.83174 35
17.07263 34
17.31351 22
17.55439 25
17.79528 22
18.03616 31
18.27704 31
18.51793 27
18.75881 39
18.99969 28
19.24057 35
19.48146 37
19.72234 34
19.96322 39
20.20411 48
20.44499 32
20.68587 27
20.92676 35
21.16764 42
21.40852 19
21.64940 37
21.89029 35
22.13117 32
22.37205 31
22.61294 40
22.85382 15
23.09470 48
23.33559 42
23.57647 39
23.81735 33
24.05823 32
24.29912 31
24.54000 30
24.78088 26
25.02177 20
25.26265 32
25.50353 23
25.74442 25
25.98530 17
26.22618 24
26.46707 24
26.70795 29
26.94883 40
27.18971 25
27.43060 37
27.67148 30
27.91236 26
28.15325 27
28.39413 24
28.63501 33
28.87590 24
29.11678 17
29.35766 19
29.59854 18
29.83943 28
30.08031 19
30.32119 15
30.56208 24
30.80296 19
31.04384 14
31.28473 26
31.52561 10
31.76649 32
32.00737 19
32.24826 16
32.48914 0
32.73002 18
32.97091 5
33.21179 20
33.45267 11
33.69356 14
33.93444 9
34.17532 9
34.41620 20
34.65709 17
34.89797 14
35.13885 15
35.37974 3
35.62062 6
35.86150 0
36.10239 5
36.34327 3
36.58415 2
36.82504 24
37.06592 0
37.30680 0
37.54768 4
37.78857 0
38.02945 2
38.27033 0
38.51122 0
38.75210 0
38.99298 0
39.23387 0
39.47475 0
39.71563 0
39.95651 0
40.19740 0
40.43828 0
40.67916 0
40.92005 0
41.16093 7
41.40181 0
41.64270 0
41.88358 0
42.12446 0
42.36534 0
42.60623 0
42.84711 0
43.08799 0
43.32888 0
43.56976 0
43.81064 0
44.05153 0
44.29241 0
44.53329 0
44.77417 0
45.01506 0
45.25594 0
45.49682 0
45.73771 0
45.97859 0
46.21947 0
46.46036 0
46.70124 0
46.94212 0
47.18301 0
47.42389 0
47.66477 0
47.90565 0
48.14654 0
48.38742 0
48.62830 0
48.86919 0
49.11007 0
49.35095 0
49.59184 0
49.83272 0
50.07360 0
50.31448 0
50.55537 0
50.79625 0
51.03713 0
51.27802 0
51.51890 0
51.75978 0
52.00067 0
52.24155 0
52.48243 0
52.72331 0
52.96420 0
53.20508 0
53.44596 0
53.68685 0
53.92773 0
54.16861 0
54.40950 0
54.65038 0
54.89126 0
55.13214 0
55.37303 0
55.61391 0
55.85479 0
56.09568 0
56.33656 0
56.57744 0
56.81833 0
57.05921 0
57.30009 0
57.54098 0
57.78186 0
58.02274 0
58.26362 0
58.50451 0
58.74539 0
58.98627 0
59.22716 0
59.46804 0
59.70892 0
59.94981 0
60.19069 0
60.43157 0
60.67245 0
60.91334 0
61.15422 0
61.39510 0
61.63599 0
61.87687 0
62.11775 0
62.35864 0
62.59952 0
62.84040 0
63.08128 0
63.32217 0
63.56305 0
63.80393 14
64.04482 0
64.28570 0
64.52658 0
64.76747 0
65.00835 16
65.24923 0
65.49011 0
65.73100 0
65.97188 0
66.21276 0
66.45365 0
66.69453 6
66.93541 2
67.17630 13
67.41718 0
67.65806 0
67.89895 12
68.13983 6
68.38071 0
68.62159 0
68.86248 6
69.10336 1
69.34424 0
69.58513 2
69.82601 18
70.06689 14
70.30778 26
70.54866 3
70.78954 0
71.03042 10
71.27131 24
71.51219 12
71.75307 0
71.99396 4
72.23484 8
72.47572 7
72.71661 0
72.95749 0
73.19837 18
73.43925 10
73.68014 12
73.92102 21
74.16190 22
74.40279 9
74.64367 29
74.88455 5
75.12544 9
75.36632 29
75.60720 13
75.84808 35
76.08897 47
76.32985 33
76.57073 19
76.81162 27
77.05250 30
77.29338 27
77.53427 31
77.77515 39
78.01603 43
78.25692 19
78.49780 29
78.73868 29
78.97956 11
79.22045 30
79.46133 18
79.70221 26
79.94310 52
80.18398 38
80.42486 55
80.66575 25
80.90663 21
81.14751 25
81.38839 33
81.62928 51
81.87016 31
82.11104 12
82.35193 30
82.59281 32
82.83369 51
83.07458 18
83.31546 47
83.55634 20
83.79722 17
84.03811 20
84.27899 25
84.51987 11
84.76076 30
85.00164 16
85.24252 24
85.48341 8
85.72429 31
85.96517 26
86.20605 26
86.44694 45
86.68782 33
86.92870 25
87.16959 47
87.41047 33
87.65135 37
87.89224 31
88.13312 49
88.37400 43
88.61489 30
88.85577 42
89.09665 42
89.33753 17
89.57842 26
89.81930 35
90.06018 43
90.30107 42
90.54195 38
90.78283 43
91.02372 19
91.26460 30
91.50548 29
91.74636 20
91.98725 52
92.22813 28
92.46901 26
92.70990 44
92.95078 44
93.19166 35
93.43255 18
93.67343 27
93.91431 32
94.15519 51
94.39608 37
94.63696 23
94.87784 61
95.11873 33
95.35961 29
95.60049 37
95.84138 36
96.08226 37
96.32314 30
96.56402 44
96.80491 42
97.04579 41
97.28667 35
97.52756 27
97.76844 43
98.00932 36
98.25021 27
98.49109 56
98.73197 29
98.97286 40
99.21374 30
99.45462 23
99.69550 33
99.93639 27
100.17727 20
100.41815 32
100.65904 46
100.89992 33
101.14080 31
101.38169 45
101.62257 45
101.86345 46
102.10433 31
102.34522 48
102.58610 36
102.82698 38
103.06787 53
103.30875 23
103.54963 32
103.79052 35
104.03140 54
104.27228 46
104.51316 29
104.75405 40
104.99493 38
105.23581 26
105.47670 43
105.71758 38
105.95846 37
106.19935 47
106.44023 51
106.68111 47
106.92199 34
107.16288 40
107.40376 43
107.64464 41
107.88553 55
108.12641 43
108.36729 69
108.60818 44
108.84906 33
109.08994 30
109.33083 66
109.57171 31
109.81259 38
110.05347 36
110.29436 49
110.53524 19
110.77612 51
111.01701 51
111.25789 30
111.49877 53
111.73966 36
111.98054 45
112.22142 45
112.46230 43
112.70319 42
112.94407 55
113.18495 65
113.42584 41
113.66672 49
113.90760 52
114.14849 49
114.38937 55
114.63025 51
114.87113 63
115.11202 32
115.35290 42
115.59378 54
115.83467 42
116.07555 66
116.31643 67
116.55732 41
116.79820 43
117.03908 39
117.27996 61
117.52085 50
117.76173 49
118.00261 55
118.24350 49
118.48438 66
118.72526 39
118.96615 56
119.20703 47
119.44791 32
119.68879 40
119.92968 35
120.17056 39
120.41144 65
120.65233 67
120.89321 60
121.13409 48
121.37498 53
121.61586 47
121.85674 39
122.09763 38
122.33851 49
122.57939 73
122.82027 46
123.06116 56
123.30204 37
123.54292 55
123.78381 59
124.02469 40
124.26557 51
124.50646 51
124.74734 25
124.98822 54
125.22910 45
125.46999 66
125.71087 44
125.95175 47
126.19264 53
126.43352 57
126.67440 54
126.91529 50
127.15617 46
127.39705 41
127.63793 46
127.87882 39
128.11970 40
128.36058 43
128.60147 54
128.84235 42
129.08323 33
129.32412 69
129.56500 42
129.80588 60
130.04676 53
130.28765 39
130.52853 46
130.76941 47
131.01030 65
131.25118 62
131.49206 53
131.73295 49
131.97383 55
132.21471 31
132.45560 56
132.69648 46
132.93736 60
133.17824 60
133.41913 62
133.66001 43
133.90089 58
134.14178 61
134.38266 42
134.62354 50
134.86443 62
135.10531 51
135.34619 48
135.58707 34
135.82796 52
136.06884 42
136.30972 52
136.55061 63
136.79149 47
137.03237 44
137.27326 73
137.51414 44
137.75502 61
137.99590 46
138.23679 51
138.47767 53
138.71855 44
138.95944 46
139.20032 66
139.44120 48
139.68209 33
139.92297 72
140.16385 46
140.40473 69
140.64562 41
140.88650 57
141.12738 51
141.36827 44
141.60915 56
141.85003 62
142.09092 63
142.33180 61
142.57268 58
142.81357 49
143.05445 46
143.29533 25
143.53621 53
143.77710 43
144.01798 34
144.25886 32
144.49975 39
144.74063 53
144.98151 42
145.22240 31
145.46328 65
145.70416 49
145.94504 45
146.18593 49
146.42681 39
146.66769 48
146.90858 77
147.14946 51
147.39034 47
147.63123 59
147.87211 69
148.11299 53
148.35387 48
148.59476 42
148.83564 51
149.07652 59
149.31741 54
149.55829 53
149.79917 69
150.04006 62
150.28094 37
150.52182 61
150.76270 61
151.00359 54
151.24447 51
151.48535 47
151.72624 48
151.96712 51
152.20800 45
152.44889 59
152.68977 57
152.93065 40
153.17154 46
153.41242 39
153.65330 67
153.89418 47
154.13507 52
154.37595 50
154.61683 69
154.85772 81
155.09860 64
155.33948 63
155.58037 67
155.82125 56
156.06213 80
156.30301 59
156.54390 62
156.78478 66
157.02566 62
157.26655 41
157.50743 52
157.74831 69
157.98920 70
158.23008 44
158.47096 49
158.71184 55
158.95273 62
159.19361 63
159.43449 46
159.67538 69
159.91626 60
160.15714 61
160.39803 60
160.63891 59
160.87979 61
161.12067 66
161.36156 58
161.60244 51
161.84332 63
162.08421 53
162.32509 61
162.56597 82
162.80686 50
163.04774 59
163.28862 73
163.52951 55
163.77039 52
164.01127 64
164.25215 65
164.49304 68
164.73392 67
164.97480 67
165.21569 72
165.45657 61
165.69745 75
165.93834 58
166.17922 74
166.42010 67
166.66098 49
166.90187 68
167.14275 64
167.38363 62
167.62452 73
167.86540 70
168.10628 73
168.34717 66
168.58805 90
168.82893 66
169.06981 66
169.31070 62
169.55158 65
169.79246 72
170.03335 63
170.27423 63
170.51511 74
170.75600 67
170.99688 64
171.23776 71
171.47864 67
171.71953 80
171.96041 72
172.20129 62
172.44218 77
172.68306 90
172.92394 77
173.16483 68
173.40571 47
173.64659 68
173.88748 56
174.12836 87
174.36924 71
174.61012 86
174.85101 68
175.09189 91
175.33277 69
175.57366 68
175.81454 75
176.05542 77
176.29631 68
176.53719 88
176.77807 68
177.01895 80
177.25984 87
177.50072 77
177.74160 77
177.98249 65
178.22337 82
178.46425 82
178.70514 72
178.94602 74
179.18690 73
179.42778 82
179.66867 78
179.90955 97
180.15043 85
180.39132 70
180.63220 91
180.87308 67
181.11397 90
181.35485 84
181.59573 72
181.83661 92
182.07750 73
182.31838 70
182.55926 106
182.80015 103
183.04103 103
183.28191 72
183.52280 76
183.76368 59
184.00456 78
184.24545 80
184.48633 87
184.72721 70
184.96809 77
185.20898 66
185.44986 77
185.69074 81
185.93163 81
186.17251 56
186.41339 89
186.65428 84
186.89516 79
187.13604 82
187.37692 69
187.61781 77
187.85869 76
188.09957 69
188.34046 59
188.58134 82
188.82222 70
189.06311 65
189.30399 75
189.54487 62
189.78575 74
190.02664 69
190.26752 76
190.50840 84
190.74929 83
190.99017 73
191.23105 79
191.47194 83
191.71282 64
191.95370 82
192.19458 76
192.43547 86
192.67635 72
192.91723 79
193.15812 72
193.39900 74
193.63988 69
193.88077 83
194.12165 60
194.36253 67
194.60342 59
194.84430 90
195.08518 80
195.32606 79
195.56695 87
195.80783 90
196.04871 76
196.28960 61
196.53048 84
196.77136 70
197.01225 71
197.25313 77
197.49401 73
197.73489 88
197.97578 68
198.21666 76
198.45754 67
198.69843 71
198.93931 79
199.18019 75
199.42108 80
199.66196 65
199.90284 80
200.14372 65
200.38461 66
200.62549 73
200.86637 84
201.10726 89
201.34814 54
201.58902 84
201.82991 56
202.07079 68
202.31167 67
202.55255 82
202.79344 71
203.03432 52
203.27520 90
203.51609 85
203.75697 77
203.99785 61
204.23874 82
204.47962 87
204.72050 68
204.96139 86
205.20227 65
205.44315 76
205.68403 63
205.92492 69
206.16580 68
206.40668 85
206.64757 84
206.88845 71
207.12933 71
207.37022 70
207.61110 57
207.85198 61
208.09286 79
208.33375 69
208.57463 71
208.81551 59
209.05640 85
209.29728 56
209.53816 70
209.77905 76
210.01993 62
210.26081 75
210.50169 84
210.74258 71
210.98346 81
211.22434 82
211.46523 59
211.70611 65
211.94699 76
212.18788 79
212.42876 72
212.66964 70
212.91052 68
213.15141 85
213.39229 68
213.63317 79
213.87406 74
214.11494 68
214.35582 66
214.59671 54
214.83759 57
215.07847 56
215.31936 84
215.56024 74
215.80112 71
216.04200 71
216.28289 51
216.52377 86
216.76465 61
217.00554 59
217.24642 69
217.48730 60
217.72819 69
217.96907 64
218.20995 71
218.45083 85
218.69172 55
218.93260 60
219.17348 87
219.41437 74
219.65525 69
219.89613 72
220.13702 75
220.37790 90
220.61878 78
220.85966 82
221.10055 66
221.34143 73
221.58231 76
221.82320 67
222.06408 75
222.30496 57
222.54585 78
222.78673 83
223.02761 73
223.26849 74
223.50938 66
223.75026 72
223.99114 62
224.23203 58
224.47291 64
224.71379 67
224.95468 68
225.19556 80
225.43644 85
225.67733 71
225.91821 61
226.15909 65
226.39997 78
226.64086 63
226.88174 64
227.12262 75
227.36351 86
227.60439 48
227.84527 65
228.08616 82
228.32704 88
228.56792 82
228.80880 96
229.04969 73
229.29057 75
229.53145 58
229.77234 62
230.01322 59
230.25410 64
230.49499 71
230.73587 74
230.97675 77
231.21763 69
231.45852 53
231.69940 66
231.94028 79
232.18117 62
232.42205 68
232.66293 69
232.90382 62
233.14470 72
233.38558 75
233.62646 65
233.86735 71
234.10823 67
234.34911 81
234.59000 77
234.83088 69
235.07176 77
235.31265 74
235.55353 73
235.79441 70
236.03530 76
236.27618 64
236.51706 79
236.75794 59
236.99883 85
237.23971 64
237.48059 69
237.72148 68
237.96236 50
238.20324 59
238.44413 64
238.68501 64
238.92589 69
239.16677 68
239.40766 74
239.64854 63
239.88942 77
240.13031 62
240.37119 59
240.61207 58
240.85296 84
241.09384 81
241.33472 72
241.57560 79
241.81649 68
242.05737 63
242.29825 59
242.53914 74
242.78002 62
243.02090 60
243.26179 54
243.50267 77
243.74355 71
243.98443 58
244.22532 64
244.46620 59
244.70708 77
244.94797 70
245.18885 81
245.42973 67
245.67062 60
245.91150 72
246.15238 54
246.39327 66
246.63415 64
246.87503 67
247.11591 66
247.35680 61
247.59768 62
247.83856 63
248.07945 66
248.32033 71
248.56121 42
248.80210 55
249.04298 63
249.28386 71
249.52474 75
249.76563 57
250.00651 64
250.24739 52
250.48828 57
250.72916 72
250.97004 71
251.21093 58
251.45181 69
251.69269 64
251.93357 62
252.17446 59
252.41534 60
252.65622 55
252.89711 63
253.13799 60
253.37887 56
253.61976 48
253.86064 55
254.10152 51
254.34240 58
254.58329 68
254.82417 65
255.06505 45
255.30594 49
255.54682 54
255.78770 49
256.02859 58
256.26947 54
256.51035 57
256.75124 62
256.99212 67
257.23300 51
257.47388 63
257.71477 65
257.95565 64
258.19653 68
258.43742 68
258.67830 49
258.91918 60
259.16007 61
259.40095 73
259.64183 56
259.88271 73
260.12360 55
260.36448 55
260.60536 60
260.84625 55
261.08713 70
261.32801 60
261.56890 54
261.80978 57
262.05066 56
262.29154 57
262.53243 57
262.77331 54
263.01419 68
263.25508 61
263.49596 59
263.73684 57
263.97773 49
264.21861 51
264.45949 67
264.70037 59
264.94126 72
265.18214 54
265.42302 59
265.66391 62
265.90479 60
266.14567 70
266.38656 51
266.62744 59
266.86832 58
267.10921 61
267.35009 58
267.59097 49
267.83185 42
268.07274 68
268.31362 63
268.55450 51
268.79539 58
269.03627 51
269.27715 73
269.51804 61
269.75892 53
269.99980 82
270.24068 56
270.48157 46
270.72245 52
270.96333 59
271.20422 61
271.44510 56
271.68598 66
271.92687 62
272.16775 59
272.40863 58
272.64951 62
272.89040 57
273.13128 52
273.37216 56
273.61305 53
273.85393 50
274.09481 34
274.33570 59
274.57658 59
274.81746 62
275.05834 59
275.29923 73
275.54011 52
275.78099 52
276.02188 58
276.26276 71
276.50364 58
276.74453 61
276.98541 54
277.22629 60
277.46718 62
277.70806 57
277.94894 64
278.18982 53
278.43071 60
278.67159 53
278.91247 60
279.15336 49
279.39424 69
279.63512 58
279.87601 63
280.11689 60
280.35777 53
280.59865 59
280.83954 65
281.08042 54
281.32130 57
281.56219 62
281.80307 66
282.04395 65
282.28484 53
282.52572 51
282.76660 68
283.00748 60
283.24837 58
283.48925 63
283.73013 54
283.97102 56
284.21190 50
284.45278 71
284.69367 55
284.93455 59
285.17543 56
285.41631 57
285.65720 58
285.89808 48
286.13896 51
286.37985 73
286.62073 74
286.86161 66
287.10250 62
287.34338 58
287.58426 51
287.82515 53
288.06603 67
288.30691 53
288.54779 45
288.78868 68
289.02956 51
289.27044 52
289.51133 53
289.75221 64
289.99309 55
290.23398 36
290.47486 59
290.71574 68
290.95662 49
291.19751 54
291.43839 49
291.67927 51
291.92016 53
292.16104 61
292.40192 68
292.64281 51
292.88369 49
293.12457 49
293.36545 61
293.60634 41
293.84722 61
294.08810 53
294.32899 54
294.56987 49
294.81075 60
295.05164 58
295.29252 52
295.53340 50
295.77428 66
296.01517 42
296.25605 55
296.49693 59
296.73782 57
296.97870 36
297.21958 47
297.46047 46
297.70135 62
297.94223 45
298.18312 66
298.42400 59
298.66488 70
298.90576 51
299.14665 47
299.38753 59
299.62841 51
299.86930 68
300.11018 51
300.35106 74
300.59195 60
300.83283 67
301.07371 61
301.31459 56
301.55548 73
301.79636 52
302.03724 54
302.27813 55
302.51901 58
302.75989 50
303.00078 60
303.24166 54
303.48254 54
303.72342 64
303.96431 63
304.20519 40
304.44607 64
304.68696 48
304.92784 42
305.16872 65
305.40961 43
305.65049 60
305.89137 49
306.13225 70
306.37314 46
306.61402 65
306.85490 68
307.09579 47
307.33667 52
307.57755 55
307.81844 49
308.05932 45
308.30020 46
308.54109 49
308.78197 45
309.02285 48
309.26373 43
309.50462 46
309.74550 44
309.98638 48
310.22727 44
310.46815 61
310.70903 47
310.94992 66
311.19080 51
311.43168 58
311.67256 51
311.91345 56
312.15433 54
312.39521 47
312.63610 47
312.87698 54
313.11786 65
313.35875 63
313.59963 38
313.84051 38
314.08139 47
314.32228 54
314.56316 50
314.80404 44
315.04493 49
315.28581 50
315.52669 53
315.76758 53
316.00846 63
316.24934 55
316.49022 61
316.73111 55
316.97199 57
317.21287 58
317.45376 48
317.69464 51
317.93552 51
318.17641 57
318.41729 48
318.65817 63
318.89906 67
319.13994 54
319.38082 41
319.62170 61
319.86259 64
320.10347 53
320.34435 59
320.58524 53
320.82612 69
321.06700 47
321.30789 44
321.54877 59
321.78965 53
322.03053 50
322.27142 54
322.51230 53
322.75318 55
322.99407 46
323.23495 42
323.47583 45
323.71672 49
323.95760 39
324.19848 44
324.43936 42
324.68025 49
324.92113 48
325.16201 43
325.40290 45
325.64378 46
325.88466 54
326.12555 54
326.36643 38
326.60731 39
326.84819 44
327.08908 41
327.32996 56
327.57084 59
327.81173 40
328.05261 45
328.29349 44
328.53438 31
328.77526 35
329.01614 53
329.25703 59
329.49791 46
329.73879 56
329.97967 44
330.22056 28
330.46144 46
330.70232 42
330.94321 40
331.18409 48
331.42497 36
331.66586 46
331.90674 45
332.14762 50
332.38850 36
332.62939 23
332.87027 44
333.11115 46
333.35204 44
333.59292 31
333.83380 35
334.07469 49
334.31557 29
334.55645 40
334.79733 39
335.03822 39
335.27910 38
335.51998 28
335.76087 42
336.00175 35
336.24263 34
336.48352 39
336.72440 39
336.96528 42
337.20616 34
337.44705 32
337.68793 39
337.92881 43
338.16970 36
338.41058 28
338.65146 39
338.89235 32
339.13323 37
339.37411 29
339.61500 35
339.85588 41
340.09676 24
340.33764 33
340.57853 43
340.81941 36
341.06029 50
341.30118 23
341.54206 26
341.78294 24
342.02383 32
342.26471 22
342.50559 36
342.74647 35
342.98736 32
343.22824 29
343.46912 41
343.71001 22
343.95089 35
344.19177 38
344.43266 44
344.67354 27
344.91442 33
345.15530 33
345.39619 27
345.63707 40
345.87795 35
346.11884 28
346.35972 33
346.60060 31
346.84149 26
347.08237 27
347.32325 34
347.56413 31
347.80502 20
348.04590 25
348.28678 23
348.52767 25
348.76855 37
349.00943 35
349.25032 43
349.49120 18
349.73208 19
349.97297 28
350.21385 28
350.45473 25
350.69561 39
350.93650 32
351.17738 26
351.41826 21
351.65915 36
351.90003 32
352.14091 15
352.38180 17
352.62268 31
352.86356 27
353.10444 37
353.34533 28
353.58621 29
353.82709 22
354.06798 23
354.30886 25
354.54974 26
354.79063 25
355.03151 34
355.27239 17
355.51327 21
355.75416 30
355.99504 26
356.23592 21
356.47681 21
356.71769 28
356.95857 26
357.19946 24
357.44034 26
357.68122 31
357.92210 26
358.16299 25
358.40387 15
358.64475 26
358.88564 28
359.12652 21
359.36740 23
359.60829 19
359.84917 29
360.09005 16
360.33094 26
360.57182 25
360.81270 21
361.05358 14
361.29447 31
361.53535 24
361.77623 27
362.01712 24
362.25800 26
362.49888 24
362.73977 29
362.98065 20
363.22153 30
363.46241 31
363.70330 24
363.94418 20
364.18506 18
364.42595 30
364.66683 16
364.90771 27
365.14860 24
365.38948 19
365.63036 19
365.87124 22
366.11213 14
366.35301 25
366.59389 18
366.83478 25
367.07566 33
367.31654 31
367.55743 29
367.79831 35
368.03919 14
368.28007 23
368.52096 22
368.76184 24
369.00272 16
369.24361 23
369.48449 19
369.72537 23
369.96626 24
370.20714 23
370.44802 23
370.68891 23
370.92979 21
371.17067 23
371.41155 22
371.65244 30
371.89332 31
372.13420 17
372.37509 35
372.61597 27
372.85685 29
373.09774 24
373.33862 18
373.57950 17
373.82038 23
374.06127 29
374.30215 15
374.54303 24
374.78392 30
375.02480 15
375.26568 25
375.50657 37
375.74745 21
375.98833 19
376.22921 27
376.47010 18
376.71098 34
376.95186 23
377.19275 25
377.43363 18
377.67451 25
377.91540 11
378.15628 19
378.39716 32
378.63804 18
378.87893 32
379.11981 18
379.36069 21
379.60158 20
379.84246 24
380.08334 20
380.32423 21
380.56511 14
380.80599 21
381.04688 22
381.28776 15
381.52864 24
381.76952 19
382.01041 28
382.25129 20
382.49217 19
382.73306 16
382.97394 20
383.21482 24
383.45571 26
383.69659 24
383.93747 18
384.17835 21
384.41924 23
384.66012 25
384.90100 15
385.14189 23
385.38277 11
385.62365 34
385.86454 16
386.10542 23
386.34630 22
386.58718 32
386.82807 24
387.06895 23
387.30983 19
387.55072 28
387.79160 22
388.03248 33
388.27337 29
388.51425 21
388.75513 25
388.99601 26
389.23690 19
389.47778 26
389.71866 22
389.95955 20
390.20043 23
390.44131 24
390.68220 26
390.92308 19
391.16396 25
391.40485 15
391.64573 21
391.88661 22
392.12749 20
392.36838 18
392.60926 17
392.85014 19
393.09103 14
393.33191 14
393.57279 19
393.81368 22
394.05456 14
394.29544 21
394.53632 22
394.77721 23
395.01809 19
395.25897 28
395.49986 16
395.74074 20
395.98162 22
396.22251 20
396.46339 19
396.70427 30
396.94515 15
397.18604 26
397.42692 16
397.66780 18
397.90869 19
398.14957 15
398.39045 25
398.63134 19
398.87222 20
399.11310 19
399.35398 22
399.59487 23
399.83575 22
400.07663 20
400.31752 19
400.55840 25
400.79928 16
401.04017 13
401.28105 16
401.52193 15
401.76282 13
402.00370 20
402.24458 20
402.48546 25
402.72635 16
402.96723 20
403.20811 22
403.44900 14
403.68988 13
403.93076 31
404.17165 18
404.41253 20
404.65341 23
404.89429 20
405.13518 25
405.37606 25
405.61694 13
405.85783 20
406.09871 25
406.33959 23
406.58048 23
406.82136 11
407.06224 16
407.30312 17
407.54401 16
407.78489 24
408.02577 16
408.26666 20
408.50754 14
408.74842 22
408.98931 18
409.23019 23
409.47107 15
409.71195 26
409.95284 14
410.19372 17
410.43460 19
410.67549 24
410.91637 19
411.15725 19
411.39814 22
411.63902 30
411.87990 16
412.12078 15
412.36167 19
412.60255 25
412.84343 25
413.08432 16
413.32520 6
413.56608 23
413.80697 16
414.04785 22
414.28873 22
414.52962 17
414.77050 20
415.01138 21
415.25226 15
415.49315 16
415.73403 19
415.97491 21
416.21580 11
416.45668 23
416.69756 19
416.93845 20
417.17933 14
417.42021 33
417.66109 20
417.90198 21
418.14286 19
418.38374 21
418.62463 15
418.86551 15
419.10639 16
419.34728 17
419.58816 24
419.82904 21
420.06992 13
420.31081 23
420.55169 16
420.79257 14
421.03346 20
421.27434 28
421.51522 17
421.75611 17
421.99699 16
422.23787 20
422.47875 14
422.71964 19
422.96052 18
423.20140 18
423.44229 22
423.68317 21
423.92405 17
424.16494 22
424.40582 20
424.64670 24
424.88759 19
425.12847 16
425.36935 19
425.61023 13
425.85112 24
426.09200 22
426.33288 19
426.57377 16
426.81465 20
427.05553 10
427.29642 26
427.53730 20
427.77818 21
428.01906 25
428.25995 24
428.50083 28
428.74171 16
428.98260 17
429.22348 16
429.46436 17
429.70525 19
429.94613 22
430.18701 18
430.42789 21
430.66878 24
430.90966 13
431.15054 13
431.39143 18
431.63231 21
431.87319 16
432.11408 23
432.35496 22
432.59584 10
432.83672 10
433.07761 21
433.31849 20
433.55937 16
433.80026 9
434.04114 12
434.28202 17
434.52291 19
434.76379 14
435.00467 27
435.24556 20
435.48644 27
435.72732 15
435.96820 21
436.20909 19
436.44997 24
436.69085 22
436.93174 24
437.17262 17
437.41350 22
437.65439 7
437.89527 23
438.13615 19
438.37703 26
438.61792 15
438.85880 27
439.09968 22
439.34057 18
439.58145 25
439.82233 19
440.06322 13
440.30410 27
440.54498 21
440.78586 20
441.02675 16
441.26763 26
441.50851 21
441.74940 25
441.99028 12
442.23116 27
442.47205 27
442.71293 28
442.95381 13
443.19469 14
443.43558 12
443.67646 23
443.91734 16
444.15823 30
444.39911 21
444.63999 20
444.88088 20
445.12176 17
445.36264 15
445.60353 14
445.84441 26
446.08529 21
446.32617 23
446.56706 26
446.80794 21
447.04882 18
447.28971 28
447.53059 30
447.77147 19
448.01236 18
448.25324 13
448.49412 18
448.73500 19
448.97589 23
449.21677 22
449.45765 20
449.69854 17
449.93942 23
450.18030 17
450.42119 20
450.66207 21
450.90295 20
451.14383 25
451.38472 15
451.62560 23
451.86648 22
452.10737 19
452.34825 25
452.58913 11
452.83002 26
453.07090 19
453.31178 22
453.55266 26
453.79355 16
454.03443 25
454.27531 23
454.51620 22
454.75708 33
454.99796 16
455.23885 12
455.47973 20
455.72061 27
455.96150 31
456.20238 29
456.44326 31
456.68414 21
456.92503 24
457.16591 24
457.40679 17
457.64768 24
457.88856 22
458.12944 13
458.37033 28
458.61121 34
458.85209 21
459.09297 26
459.33386 23
459.57474 37
459.81562 29
460.05651 20
460.29739 22
460.53827 23
460.77916 28
461.02004 37
461.26092 33
461.50180 32
461.74269 23
461.98357 24
462.22445 26
462.46534 35
462.70622 34
462.94710 33
463.18799 35
463.42887 29
463.66975 36
463.91063 20
464.15152 44
464.39240 52
464.63328 49
464.87417 38
465.11505 37
465.35593 48
465.59682 33
465.83770 45
466.07858 35
466.31947 34
466.56035 33
466.80123 45
467.04211 44
467.28300 42
467.52388 46
467.76476 33
468.00565 39
468.24653 43
468.48741 47
468.72830 46
468.96918 51
469.21006 36
469.45094 51
469.69183 53
469.93271 49
470.17359 63
470.41448 68
470.65536 48
470.89624 52
471.13713 58
471.37801 63
471.61889 79
471.85977 60
472.10066 69
472.34154 64
472.58242 78
472.82331 62
473.06419 73
473.30507 77
473.54596 74
473.78684 77
474.02772 69
474.26860 88
474.50949 85
474.75037 83
474.99125 85
475.23214 79
475.47302 81
475.71390 82
475.95479 111
476.19567 96
476.43655 99
476.67744 91
476.91832 97
477.15920 92
477.40008 97
477.64097 100
477.88185 100
478.12273 108
478.36362 117
478.60450 116
478.84538 115
479.08627 122
479.32715 134
479.56803 138
479.80891 118
480.04980 133
480.29068 113
480.53156 138
480.77245 116
481.01333 142
481.25421 133
481.49510 130
481.73598 132
481.97686 157
482.21774 157
482.45863 164
482.69951 160
482.94039 154
483.18128 161
483.42216 163
483.66304 171
483.90393 168
484.14481 155
484.38569 158
484.62657 187
484.86746 211
485.10834 193
485.34922 195
485.59011 202
485.83099 214
486.07187 169
486.31276 178
486.55364 181
486.79452 229
487.03541 244
487.27629 239
487.51717 200
487.75805 214
487.99894 201
488.23982 195
488.48070 226
488.72159 235
488.96247 217
489.20335 187
489.44424 230
489.68512 238
489.92600 215
490.16688 240
490.40777 241
490.64865 232
490.88953 264
491.13042 246
491.37130 295
491.61218 256
491.85307 256
492.09395 270
492.33483 282
492.57571 279
492.81660 276
493.05748 289
493.29836 309
493.53925 295
493.78013 298
494.02101 346
494.26190 307
494.50278 304
494.74366 306
494.98454 296
495.22543 284
495.46631 309
495.70719 308
495.94808 332
496.18896 314
496.42984 329
496.67073 324
496.91161 320
497.15249 354
497.39338 342
497.63426 350
497.87514 292
498.11602 337
498.35691 327
498.59779 309
498.83867 343
499.07956 333
499.32044 343
499.56132 375
499.80221 335
500.04309 324
500.28397 337
500.52485 327
500.76574 333
501.00662 344
501.24750 342
501.48839 362
501.72927 333
501.97015 389
502.21104 328
502.45192 362
502.69280 372
502.93368 374
503.17457 369
503.41545 338
503.65633 390
503.89722 373
504.13810 332
504.37898 340
504.61987 362
504.86075 362
505.10163 336
505.34251 343
505.58340 350
505.82428 350
506.06516 383
506.30605 355
506.54693 317
506.78781 371
507.02870 367
507.26958 347
507.51046 337
507.75135 388
507.99223 372
508.23311 364
508.47399 368
508.71488 367
508.95576 337
509.19664 335
509.43753 376
509.67841 366
509.91929 333
510.16018 318
510.40106 337
510.64194 365
510.88282 304
511.12371 318
511.36459 313
511.60547 295
511.84636 345
512.08724 288
512.32812 317
512.56901 321
512.80989 309
513.05077 311
513.29165 327
513.53254 293
513.77342 290
514.01430 295
514.25519 321
514.49607 321
514.73695 283
514.97784 275
515.21872 285
515.45960 281
515.70048 265
515.94137 252
516.18225 286
516.42313 269
516.66402 247
516.90490 253
517.14578 274
517.38667 286
517.62755 265
517.86843 218
518.10932 240
518.35020 263
518.59108 214
518.83196 255
519.07285 222
519.31373 223
519.55461 244
519.79550 203
520.03638 215
520.27726 198
520.51815 218
520.75903 189
520.99991 203
521.24079 196
521.48168 180
521.72256 182
521.96344 176
522.20433 194
522.44521 189
522.68609 194
522.92698 197
523.16786 185
523.40874 176
523.64962 142
523.89051 161
524.13139 168
524.37227 144
524.61316 146
524.85404 139
525.09492 153
525.33581 158
525.57669 158
525.81757 149
526.05845 128
526.29934 128
526.54022 110
526.78110 146
527.02199 131
527.26287 131
527.50375 98
527.74464 137
527.98552 101
528.22640 103
528.46729 104
528.70817 130
528.94905 111
529.18993 117
529.43082 106
529.67170 90
529.91258 89
530.15347 118
530.39435 85
530.63523 94
530.87612 107
531.11700 73
531.35788 75
531.59876 89
531.83965 72
532.08053 82
532.32141 58
532.56230 67
532.80318 60
533.04406 63
533.28495 69
533.52583 52
533.76671 50
534.00759 54
534.24848 45
534.48936 55
534.73024 68
534.97113 48
535.21201 42
535.45289 41
535.69378 52
535.93466 33
536.17554 36
536.41642 40
536.65731 51
536.89819 43
537.13907 39
537.37996 37
537.62084 25
537.86172 40
538.10261 33
538.34349 31
538.58437 29
538.82526 39
539.06614 39
539.30702 33
539.54790 29
539.78879 30
540.02967 35
540.27055 21
540.51144 25
540.75232 28
540.99320 26
541.23409 23
541.47497 34
541.71585 17
541.95673 20
542.19762 14
542.43850 25
542.67938 18
542.92027 22
543.16115 11
543.40203 21
543.64292 28
543.88380 22
544.12468 10
544.36556 21
544.60645 17
544.84733 16
545.08821 14
545.32910 18
545.56998 15
545.81086 20
546.05175 14
546.29263 12
546.53351 17
546.77439 16
547.01528 11
547.25616 11
547.49704 15
547.73793 11
547.97881 16
548.21969 13
548.46058 14
548.70146 13
548.94234 12
549.18323 15
549.42411 11
549.66499 10
549.90587 11
550.14676 11
550.38764 15
550.62852 16
550.86941 13
551.11029 22
551.35117 11
551.59206 14
551.83294 16
552.07382 8
552.31470 13
552.55559 19
552.79647 12
553.03735 12
553.27824 9
553.51912 10
553.76000 12
554.00089 17
554.24177 7
554.48265 15
554.72353 7
554.96442 10
555.20530 13
555.44618 9
555.68707 13
555.92795 11
556.16883 16
556.40972 10
556.65060 13
556.89148 15
557.13236 12
557.37325 3
557.61413 14
557.85501 14
558.09590 14
558.33678 8
558.57766 14
558.81855 8
559.05943 8
559.30031 10
559.54120 16
559.78208 5
560.02296 15
560.26384 11
560.50473 8
560.74561 13
560.98649 10
561.22738 11
561.46826 10
561.70914 15
561.95003 12
562.19091 14
562.43179 5
562.67267 10
562.91356 12
563.15444 8
563.39532 9
563.63621 12
563.87709 12
564.11797 13
564.35886 11
564.59974 16
564.84062 8
565.08150 12
565.32239 15
565.56327 8
565.80415 4
566.04504 10
566.28592 12
566.52680 10
566.76769 8
567.00857 9
567.24945 12
567.49033 11
567.73122 14
567.97210 8
568.21298 8
568.45387 13
568.69475 13
568.93563 12
569.17652 10
569.41740 14
569.65828 17
569.89917 16
570.14005 11
570.38093 11
570.62181 8
570.86270 2
571.10358 13
571.34446 6
571.58535 16
571.82623 11
572.06711 9
572.30800 14
572.54888 16
572.78976 9
573.03064 11
573.27153 7
573.51241 5
573.75329 14
573.99418 6
574.23506 9
574.47594 8
574.71683 9
574.95771 9
575.19859 9
575.43947 9
575.68036 7
575.92124 6
576.16212 13
576.40301 13
576.64389 7
576.88477 13
577.12566 6
577.36654 10
577.60742 8
577.84830 10
578.08919 14
578.33007 8
578.57095 5
578.81184 12
579.05272 14
579.29360 16
579.53449 10
579.77537 9
580.01625 9
580.25714 11
580.49802 12
580.73890 10
580.97978 9
581.22067 6
581.46155 11
581.70243 10
581.94332 10
582.18420 11
582.42508 9
582.66597 11
582.90685 7
583.14773 12
583.38861 5
583.62950 7
583.87038 13
584.11126 12
584.35215 10
584.59303 12
584.83391 12
585.07480 9
585.31568 10
585.55656 9
585.79744 13
586.03833 7
586.27921 14
586.52009 12
586.76098 10
587.00186 10
587.24274 17
587.48363 9
587.72451 10
587.96539 6
588.20627 10
588.44716 7
588.68804 17
588.92892 15
589.16981 9
589.41069 6
589.65157 5
589.89246 6
590.13334 10
590.37422 7
590.61511 10
590.85599 11
591.09687 5
591.33775 16
591.57864 7
591.81952 9
592.06040 10
592.30129 13
592.54217 11
592.78305 12
593.02394 12
593.26482 14
593.50570 8
593.74658 8
593.98747 6
594.22835 10
594.46923 19
594.71012 5
594.95100 4
595.19188 10
595.43277 16
595.67365 10
595.91453 8
596.15541 13
596.39630 18
596.63718 6
596.87806 6
597.11895 8
597.35983 7
597.60071 7
597.84160 9
598.08248 10
598.32336 9
598.56424 12
598.80513 2
599.04601 9
599.28689 11
599.52778 5
599.76866 9
600.00954 5
600.25043 15
600.49131 6
600.73219 9
600.97308 8
601.21396 15
601.45484 16
601.69572 10
601.93661 7
602.17749 18
602.41837 12
602.65926 10
602.90014 6
603.14102 10
603.38191 5
603.62279 14
603.86367 15
604.10455 12
604.34544 11
604.58632 9
604.82720 13
605.06809 8
605.30897 8
605.54985 13
605.79074 2
606.03162 7
606.27250 10
606.51338 18
606.75427 9
606.99515 9
607.23603 4
607.47692 19
607.71780 2
607.95868 10
608.19957 7
608.44045 7
608.68133 11
608.92221 7
609.16310 9
609.40398 7
609.64486 13
609.88575 19
610.12663 11
610.36751 8
610.60840 7
610.84928 8
611.09016 17
611.33105 8
611.57193 15
611.81281 5
612.05369 6
612.29458 6
612.53546 16
612.77634 9
613.01723 9
613.25811 10
613.49899 14
613.73988 9
613.98076 10
614.22164 9
614.46252 8
614.70341 9
614.94429 9
615.18517 4
615.42606 9
615.66694 18
615.90782 13
616.14871 17
616.38959 4
616.63047 8
616.87135 14
617.11224 5
617.35312 14
617.59400 6
617.83489 12
618.07577 10
618.31665 9
618.55754 11
618.79842 8
619.03930 10
619.28018 7
619.52107 10
619.76195 10
620.00283 12
620.24372 9
620.48460 11
620.72548 12
620.96637 8
621.20725 6
621.44813 16
621.68902 8
621.92990 13
622.17078 9
622.41166 17
622.65255 4
622.89343 10
623.13431 13
623.37520 8
623.61608 11
623.85696 12
624.09785 16
624.33873 5
624.57961 11
624.82049 11
625.06138 9
625.30226 12
625.54314 7
625.78403 12
626.02491 7
626.26579 10
626.50668 9
626.74756 15
626.98844 11
627.22932 10
627.47021 8
627.71109 3
627.95197 6
628.19286 13
628.43374 14
628.67462 13
628.91551 14
629.15639 7
629.39727 12
629.63815 14
629.87904 24
630.11992 13
630.36080 16
630.60169 9
630.84257 6
631.08345 11
631.32434 7
631.56522 12
631.80610 9
632.04699 11
632.28787 8
632.52875 7
632.76963 9
633.01052 2
633.25140 12
633.49228 13
633.73317 12
633.97405 9
634.21493 11
634.45582 8
634.69670 10
634.93758 4
635.17846 13
635.41935 11
635.66023 7
635.90111 9
636.14200 11
636.38288 6
636.62376 12
636.86465 14
637.10553 8
637.34641 11
637.58729 8
637.82818 5
638.06906 6
638.30994 14
638.55083 7
638.79171 14
639.03259 10
639.27348 17
639.51436 9
639.75524 6
639.99612 9
640.23701 12
640.47789 6
640.71877 13
640.95966 10
641.20054 11
641.44142 10
641.68231 2
641.92319 9
642.16407 10
642.40496 1
642.64584 11
642.88672 20
643.12760 7
643.36849 8
643.60937 7
643.85025 10
644.09114 11
644.33202 11
644.57290 9
644.81379 12
645.05467 4
645.29555 6
645.53643 7
645.77732 8
646.01820 12
646.25908 13
646.49997 5
646.74085 7
646.98173 10
647.22262 10
647.46350 6
647.70438 11
647.94526 12
648.18615 4
648.42703 6
648.66791 8
648.90880 11
649.14968 6
649.39056 6
649.63145 13
649.87233 6
650.11321 14
650.35409 7
650.59498 2
650.83586 7
651.07674 2
651.31763 6
651.55851 6
651.79939 10
652.04028 10
652.28116 15
652.52204 18
652.76293 9
653.00381 10
653.24469 5
653.48557 13
653.72646 8
653.96734 13
654.20822 8
654.44911 8
654.68999 9
654.93087 8
655.17176 9
655.41264 7
655.65352 8
655.89440 10
656.13529 10
656.37617 10
656.61705 9
656.85794 11
657.09882 10
657.33970 7
657.58059 12
657.82147 5
658.06235 7
658.30323 7
658.54412 11
658.78500 13
659.02588 11
659.26677 5
659.50765 8
659.74853 8
659.98942 4
660.23030 11
660.47118 8
660.71206 11
660.95295 11
661.19383 5
661.43471 6
661.67560 9
661.91648 5
662.15736 15
662.39825 6
662.63913 8
662.88001 8
663.12090 11
663.36178 7
663.60266 11
663.84354 14
664.08443 13
664.32531 5
664.56619 2
664.80708 10
665.04796 6
665.28884 10
665.52973 6
665.77061 8
666.01149 8
666.25237 11
666.49326 12
666.73414 10
666.97502 10
667.21591 8
667.45679 15
667.69767 7
667.93856 13
668.17944 6
668.42032 14
668.66120 9
668.90209 11
669.14297 13
669.38385 13
669.62474 12
669.86562 12
670.10650 6
670.34739 10
670.58827 4
670.82915 15
671.07003 12
671.31092 5
671.55180 9
671.79268 9
672.03357 12
672.27445 8
672.51533 7
672.75622 12
672.99710 7
673.23798 12
673.47887 7
673.71975 7
673.96063 13
674.20151 3
674.44240 3
674.68328 10
674.92416 12
675.16505 9
675.40593 12
675.64681 11
675.88770 5
676.12858 5
676.36946 10
676.61034 10
676.85123 9
677.09211 6
677.33299 6
677.57388 8
677.81476 9
678.05564 9
678.29653 8
678.53741 11
678.77829 13
679.01917 10
679.26006 11
679.50094 9
679.74182 9
679.98271 8
680.22359 13
680.46447 8
680.70536 8
680.94624 9
681.18712 10
681.42800 11
681.66889 14
681.90977 9
682.15065 7
682.39154 11
682.63242 10
682.87330 13
683.11419 11
683.35507 5
683.59595 5
683.83684 13
684.07772 10
684.31860 15
684.55948 7
684.80037 11
685.04125 7
685.28213 11
685.52302 8
685.76390 12
686.00478 14
686.24567 6
686.48655 21
686.72743 11
686.96831 11
687.20920 9
687.45008 8
687.69096 8
687.93185 17
688.17273 12
688.41361 4
688.65450 10
688.89538 17
689.13626 11
689.37714 11
689.61803 15
689.85891 8
690.09979 8
690.34068 13
690.58156 6
690.82244 16
691.06333 14
691.30421 9
691.54509 10
691.78597 15
692.02686 14
692.26774 3
692.50862 7
692.74951 7
692.99039 7
693.23127 14
693.47216 14
693.71304 8
693.95392 7
694.19480 8
694.43569 13
694.67657 15
694.91745 5
695.15834 14
695.39922 16
695.64010 14
695.88099 10
696.12187 12
696.36275 12
696.60364 13
696.84452 12
697.08540 16
697.32628 12
697.56717 12
697.80805 14
698.04893 12
698.28982 9
698.53070 9
698.77158 12
699.01247 12
699.25335 14
699.49423 4
699.73511 11
699.97600 5
700.21688 12
700.45776 13
700.69865 5
700.93953 10
701.18041 12
701.42130 8
701.66218 20
701.90306 10
702.14394 12
702.38483 12
702.62571 11
702.86659 13
703.10748 13
703.34836 9
703.58924 7
703.83013 12
704.07101 9
704.31189 13
704.55277 10
704.79366 15
705.03454 11
705.27542 7
705.51631 10
705.75719 8
705.99807 15
706.23896 11
706.47984 12
706.72072 10
706.96161 15
707.20249 7
707.44337 15
707.68425 14
707.92514 13
708.16602 12
708.40690 16
708.64779 12
708.88867 11
709.12955 11
709.37044 12
709.61132 12
709.85220 16
710.09308 8
710.33397 16
710.57485 15
710.81573 7
711.05662 10
711.29750 10
711.53838 11
711.77927 10
712.02015 6
712.26103 8
712.50191 13
712.74280 10
712.98368 17
713.22456 15
713.46545 13
713.70633 9
713.94721 14
714.18810 11
714.42898 13
714.66986 6
714.91074 9
715.15163 10
715.39251 13
715.63339 11
715.87428 13
716.11516 12
716.35604 8
716.59693 5
716.83781 10
717.07869 10
717.31958 7
717.56046 10
717.80134 5
718.04222 17
718.28311 15
718.52399 9
718.76487 14
719.00576 6
719.24664 16
719.48752 13
719.72841 12
719.96929 9
720.21017 11
720.45105 16
720.69194 8
720.93282 7
721.17370 5
721.41459 12
721.65547 10
721.89635 8
722.13724 7
722.37812 9
722.61900 15
722.85988 9
723.10077 9
723.34165 11
723.58253 11
723.82342 7
724.06430 9
724.30518 12
724.54607 10
724.78695 8
725.02783 6
725.26871 8
725.50960 10
725.75048 17
725.99136 3
726.23225 12
726.47313 9
726.71401 7
726.95490 9
727.19578 4
727.43666 12
727.67755 8
727.91843 4
728.15931 10
728.40019 7
728.64108 11
728.88196 12
729.12284 9
729.36373 15
729.60461 7
729.84549 12
730.08638 11
730.32726 16
730.56814 9
730.80902 10
731.04991 8
731.29079 10
731.53167 15
731.77256 12
732.01344 19
732.25432 19
732.49521 16
732.73609 8
732.97697 10
733.21785 11
733.45874 11
733.69962 14
733.94050 8
734.18139 5
734.42227 16
734.66315 8
734.90404 11
735.14492 7
735.38580 9
735.62668 6
735.86757 11
736.10845 11
736.34933 10
736.59022 8
736.83110 6
737.07198 12
737.31287 6
737.55375 12
737.79463 18
738.03552 14
738.27640 6
738.51728 10
738.75816 11
738.99905 9
739.23993 10
739.48081 11
739.72170 12
739.96258 6
740.20346 11
740.44435 10
740.68523 8
740.92611 6
741.16699 9
741.40788 14
741.64876 7
741.88964 0
742.13053 15
742.37141 7
742.61229 7
742.85318 7
743.09406 13
743.33494 5
743.57582 13
743.81671 8
744.05759 8
744.29847 12
744.53936 12
744.78024 11
745.02112 4
745.26201 13
745.50289 7
745.74377 11
745.98465 13
746.22554 10
746.46642 7
746.70730 14
746.94819 4
747.18907 14
747.42995 11
747.67084 14
747.91172 11
748.15260 14
748.39349 15
748.63437 10
748.87525 4
749.11613 10
749.35702 8
749.59790 11
749.83878 15
750.07967 10
750.32055 9
750.56143 5
750.80232 11
751.04320 8
751.28408 16
751.52496 7
751.76585 11
752.00673 7
752.24761 9
752.48850 3
752.72938 9
752.97026 11
753.21115 10
753.45203 12
753.69291 13
753.93379 8
754.17468 11
754.41556 18
754.65644 13
754.89733 12
755.13821 9
755.37909 15
755.61998 9
755.86086 14
756.10174 10
756.34262 7
756.58351 15
756.82439 11
757.06527 10
757.30616 6
757.54704 4
757.78792 15
758.02881 11
758.26969 6
758.51057 5
758.75146 9
758.99234 11
759.23322 3
759.47410 5
759.71499 13
759.95587 15
760.19675 8
760.43764 8
760.67852 15
760.91940 11
761.16029 7
761.40117 12
761.64205 13
761.88293 11
762.12382 5
762.36470 7
762.60558 13
762.84647 14
763.08735 7
763.32823 12
763.56912 11
763.81000 15
764.05088 10
764.29176 14
764.53265 15
764.77353 7
765.01441 10
765.25530 8
765.49618 9
765.73706 9
765.97795 8
766.21883 11
766.45971 6
766.70059 11
766.94148 9
767.18236 13
767.42324 11
767.66413 13
767.90501 9
768.14589 6
768.38678 15
768.62766 10
768.86854 4
769.10943 6
769.35031 12
769.59119 8
769.83207 8
770.07296 10
770.31384 7
770.55472 9
770.79561 13
771.03649 7
771.27737 11
771.51826 10
771.75914 8
772.00002 12
772.24090 13
772.48179 7
772.72267 15
772.96355 7
773.20444 6
773.44532 10
773.68620 6
773.92709 15
774.16797 14
774.40885 7
774.64973 6
774.89062 10
775.13150 15
775.37238 14
775.61327 10
775.85415 13
776.09503 5
776.33592 9
776.57680 7
776.81768 9
777.05856 6
777.29945 11
777.54033 10
777.78121 10
778.02210 7
778.26298 5
778.50386 12
778.74475 9
778.98563 12
779.22651 6
779.46740 3
779.70828 12
779.94916 11
780.19004 14
780.43093 11
780.67181 8
780.91269 10
781.15358 11
781.39446 14
781.63534 14
781.87623 8
782.11711 18
782.35799 6
782.59887 8
782.83976 9
783.08064 9
783.32152 14
783.56241 11
783.80329 14
784.04417 10
784.28506 8
784.52594 7
784.76682 11
785.00770 6
785.24859 10
785.48947 11
785.73035 7
785.97124 11
786.21212 9
786.45300 12
786.69389 6
786.93477 10
787.17565 6
787.41653 17
787.65742 6
787.89830 14
788.13918 10
788.38007 9
788.62095 9
788.86183 11
789.10272 14
789.34360 10
789.58448 13
789.82537 9
790.06625 8
790.30713 15
790.54801 11
790.78890 10
791.02978 6
791.27066 7
791.51155 12
791.75243 12
791.99331 12
792.23420 10
792.47508 11
792.71596 8
792.95684 11
793.19773 14
793.43861 10
793.67949 10
793.92038 12
794.16126 14
794.40214 8
794.64303 11
794.88391 11
795.12479 6
795.36567 11
795.60656 14
795.84744 4
796.08832 6
796.32921 5
796.57009 11
796.81097 13
797.05186 12
797.29274 16
797.53362 12
797.77450 16
798.01539 11
798.25627 6
798.49715 5
798.73804 11
798.97892 8
799.21980 10
799.46069 5
799.70157 7
799.94245 5
800.18334 15
800.42422 10
800.66510 6
800.90598 8
801.14687 8
801.38775 9
801.62863 13
801.86952 5
802.11040 5
802.35128 5
802.59217 9
802.83305 11
803.07393 6
803.31481 7
803.55570 8
803.79658 8
804.03746 8
804.27835 9
804.51923 4
804.76011 9
805.00100 8
805.24188 4
805.48276 17
805.72364 6
805.96453 11
806.20541 6
806.44629 14
806.68718 16
806.92806 4
807.16894 4
807.40983 8
807.65071 11
807.89159 9
808.13247 9
808.37336 10
808.61424 14
808.85512 10
809.09601 20
809.33689 9
809.57777 9
809.81866 9
810.05954 8
810.30042 12
810.54131 10
810.78219 10
811.02307 8
811.26395 6
811.50484 9
811.74572 11
811.98660 12
812.22749 10
812.46837 9
812.70925 3
812.95014 11
813.19102 14
813.43190 6
813.67278 13
813.91367 9
814.15455 20
814.39543 9
814.63632 7
814.87720 8
815.11808 5
815.35897 8
815.59985 11
815.84073 11
816.08161 18
816.32250 6
816.56338 3
816.80426 9
817.04515 13
817.28603 13
817.52691 8
817.76780 8
818.00868 9
818.24956 10
818.49044 8
818.73133 10
818.97221 4
819.21309 19
819.45398 9
819.69486 9
819.93574 6
820.17663 9
820.41751 15
820.65839 9
820.89928 6
821.14016 9
821.38104 15
821.62192 10
821.86281 11
822.10369 11
822.34457 10
822.58546 8
822.82634 8
823.06722 10
823.30811 13
823.54899 10
823.78987 10
824.03075 18
824.27164 6
824.51252 6
824.75340 8
824.99429 6
825.23517 8
825.47605 10
825.71694 14
825.95782 17
826.19870 10
826.43958 14
826.68047 10
826.92135 4
827.16223 5
827.40312 10
827.64400 19
827.88488 7
828.12577 10
828.36665 10
828.60753 6
828.84841 7
829.08930 14
829.33018 10
829.57106 5
829.81195 6
830.05283 13
830.29371 12
830.53460 8
830.77548 6
831.01636 11
831.25725 11
831.49813 8
831.73901 11
831.97989 7
832.22078 6
832.46166 11
832.70254 14
832.94343 14
833.18431 8
833.42519 10
833.66608 10
833.90696 4
834.14784 13
834.38872 14
834.62961 11
834.87049 11
835.11137 12
835.35226 7
835.59314 15
835.83402 7
836.07491 7
836.31579 7
836.55667 9
836.79755 7
837.03844 7
837.27932 9
837.52020 5
837.76109 14
838.00197 10
838.24285 13
838.48374 7
838.72462 18
838.96550 12
839.20638 4
839.44727 14
839.68815 11
839.92903 11
840.16992 7
840.41080 5
840.65168 14
840.89257 11
841.13345 6
841.37433 10
841.61522 13
841.85610 9
842.09698 15
842.33786 10
842.57875 4
842.81963 11
843.06051 8
843.30140 11
843.54228 11
843.78316 10
844.02405 13
844.26493 8
844.50581 14
844.74669 6
844.98758 10
845.22846 11
845.46934 8
845.71023 7
845.95111 7
846.19199 8
846.43288 7
846.67376 6
846.91464 6
847.15552 5
847.39641 8
847.63729 12
847.87817 3
848.11906 6
848.35994 8
848.60082 7
848.84171 12
849.08259 4
849.32347 16
849.56435 8
849.80524 4
850.04612 10
850.28700 6
850.52789 9
850.76877 6
851.00965 9
851.25054 5
851.49142 8
851.73230 5
851.97319 13
852.21407 13
852.45495 7
852.69583 13
852.93672 8
853.17760 8
853.41848 6
853.65937 9
853.90025 7
854.14113 6
854.38202 11
854.62290 5
854.86378 2
855.10466 6
855.34555 5
855.58643 13
855.82731 6
856.06820 13
856.30908 5
856.54996 10
856.79085 10
857.03173 5
857.27261 3
857.51349 16
857.75438 11
857.99526 10
858.23614 6
858.47703 15
858.71791 9
858.95879 10
859.19968 13
859.44056 10
859.68144 15
859.92232 6
860.16321 8
860.40409 6
860.64497 5
860.88586 15
861.12674 8
861.36762 4
861.60851 13
861.84939 15
862.09027 8
862.33116 12
862.57204 8
862.81292 6
863.05380 9
863.29469 7
863.53557 9
863.77645 5
864.01734 11
864.25822 10
864.49910 15
864.73999 2
864.98087 6
865.22175 10
865.46263 12
865.70352 6
865.94440 13
866.18528 9
866.42617 16
866.66705 7
866.90793 10
867.14882 5
867.38970 8
867.63058 6
867.87146 16
868.11235 4
868.35323 8
868.59411 10
868.83500 4
869.07588 10
869.31676 11
869.55765 7
869.79853 10
870.03941 13
870.28029 9
870.52118 10
870.76206 6
871.00294 5
871.24383 7
871.48471 14
871.72559 12
871.96648 3
872.20736 10
872.44824 11
872.68913 6
872.93001 6
873.17089 2
873.41177 10
873.65266 9
873.89354 10
874.13442 4
874.37531 7
874.61619 9
874.85707 11
875.09796 13
875.33884 8
875.57972 12
875.82060 16
876.06149 2
876.30237 2
876.54325 8
876.78414 15
877.02502 8
877.26590 9
877.50679 14
877.74767 5
877.98855 15
878.22943 5
878.47032 4
878.71120 3
878.95208 7
879.19297 10
879.43385 3
879.67473 8
879.91562 8
880.15650 9
880.39738 9
880.63826 12
880.87915 13
881.12003 13
881.36091 6
881.60180 15
881.84268 14
882.08356 8
882.32445 6
882.56533 8
882.80621 9
883.04710 10
883.28798 8
883.52886 8
883.76974 9
884.01063 8
884.25151 10
884.49239 6
884.73328 19
884.97416 8
885.21504 12
885.45593 9
885.69681 9
885.93769 17
886.17857 12
886.41946 14
886.66034 9
886.90122 12
887.14211 3
887.38299 11
887.62387 10
887.86476 5
888.10564 8
888.34652 8
888.58740 15
888.82829 9
889.06917 9
889.31005 9
889.55094 10
889.79182 10
890.03270 5
890.27359 8
890.51447 13
890.75535 8
890.99623 10
891.23712 8
891.47800 6
891.71888 10
891.95977 13
892.20065 9
892.44153 3
892.68242 8
892.92330 13
893.16418 19
893.40507 8
893.64595 6
893.88683 11
894.12771 5
894.36860 11
894.60948 8
894.85036 20
895.09125 12
895.33213 9
895.57301 11
895.81390 5
896.05478 9
896.29566 13
896.53654 13
896.77743 7
897.01831 11
897.25919 19
897.50008 15
897.74096 15
897.98184 17
898.22273 13
898.46361 11
898.70449 13
898.94537 4
899.18626 5
899.42714 4
899.66802 13
899.90891 8
900.14979 8
900.39067 14
900.63156 11
900.87244 13
901.11332 8
901.35420 12
901.59509 11
901.83597 8
902.07685 7
902.31774 7
902.55862 8
902.79950 15
903.04039 11
903.28127 9
903.52215 14
903.76304 13
904.00392 12
904.24480 6
904.48568 8
904.72657 20
904.96745 6
905.20833 12
905.44922 14
905.69010 8
905.93098 14
906.17187 9
906.41275 6
906.65363 14
906.89451 14
907.13540 14
907.37628 8
907.61716 15
907.85805 15
908.09893 15
908.33981 12
908.58070 11
908.82158 17
909.06246 13
909.30334 8
909.54423 11
909.78511 6
910.02599 20
910.26688 10
910.50776 13
910.74864 6
910.98953 11
911.23041 14
911.47129 12
911.71217 9
911.95306 8
912.19394 14
912.43482 9
912.67571 16
912.91659 18
913.15747 8
913.39836 8
913.63924 10
913.88012 15
914.12101 6
914.36189 7
914.60277 10
914.84365 11
915.08454 18
915.32542 13
915.56630 15
915.80719 13
916.04807 8
916.28895 10
916.52984 8
916.77072 14
917.01160 16
917.25248 5
917.49337 11
917.73425 8
917.97513 17
918.21602 12
918.45690 13
918.69778 17
918.93867 6
919.17955 7
919.42043 8
919.66131 7
919.90220 13
920.14308 13
920.38396 9
920.62485 11
920.86573 13
921.10661 13
921.34750 5
921.58838 10
921.82926 12
922.07014 12
922.31103 15
922.55191 15
922.79279 11
923.03368 15
923.27456 12
923.51544 11
923.75633 10
923.99721 16
924.23809 10
924.47898 10
924.71986 12
924.96074 15
925.20162 15
925.44251 11
925.68339 10
925.92427 10
926.16516 6
926.40604 12
926.64692 7
926.88781 12
927.12869 10
927.36957 10
927.61045 10
927.85134 15
928.09222 5
928.33310 11
928.57399 9
928.81487 12
929.05575 14
929.29664 8
929.53752 16
929.77840 12
930.01928 6
930.26017 8
930.50105 10
930.74193 8
930.98282 12
931.22370 12
931.46458 17
931.70547 16
931.94635 11
932.18723 13
932.42811 9
932.66900 9
932.90988 15
933.15076 8
933.39165 18
933.63253 14
933.87341 21
934.11430 9
934.35518 6
934.59606 16
934.83695 13
935.07783 15
935.31871 9
935.55959 10
935.80048 9
936.04136 18
936.28224 12
936.52313 10
936.76401 17
937.00489 8
937.24578 9
937.48666 11
937.72754 13
937.96842 15
938.20931 11
938.45019 10
938.69107 6
938.93196 5
939.17284 9
939.41372 10
939.65461 11
939.89549 12
940.13637 13
940.37725 11
940.61814 11
940.85902 15
941.09990 10
941.34079 16
941.58167 15
941.82255 11
942.06344 10
942.30432 16
942.54520 12
942.78608 12
943.02697 4
943.26785 10
943.50873 17
943.74962 7
943.99050 8
944.23138 16
944.47227 8
944.71315 16
944.95403 18
945.19492 10
945.43580 15
945.67668 12
945.91756 14
946.15845 17
946.39933 13
946.64021 14
946.88110 13
947.12198 10
947.36286 12
947.60375 7
947.84463 10
948.08551 9
948.32639 12
948.56728 14
948.80816 13
949.04904 7
949.28993 11
949.53081 12
949.77169 13
950.01258 8
950.25346 8
950.49434 18
950.73522 11
950.97611 8
951.21699 14
951.45787 14
951.69876 10
951.93964 8
952.18052 12
952.42141 14
952.66229 6
952.90317 6
953.14405 8
953.38494 8
953.62582 7
953.86670 12
954.10759 11
954.34847 17
954.58935 16
954.83024 11
955.07112 8
955.31200 18
955.55289 11
955.79377 9
956.03465 11
956.27553 12
956.51642 4
956.75730 12
956.99818 14
957.23907 9
957.47995 8
957.72083 13
957.96172 16
958.20260 9
958.44348 13
958.68436 11
958.92525 10
959.16613 9
959.40701 18
959.64790 11
959.88878 12
960.12966 11
960.37055 8
960.61143 14
960.85231 11
961.09319 16
961.33408 6
961.57496 14
961.81584 16
962.05673 18
962.29761 7
962.53849 15
962.77938 12
963.02026 12
963.26114 9
963.50202 9
963.74291 13
963.98379 10
964.22467 6
964.46556 8
964.70644 9
964.94732 13
965.18821 8
965.42909 9
965.66997 7
965.91086 6
966.15174 16
966.39262 7
966.63350 12
966.87439 9
967.11527 8
967.35615 10
967.59704 16
967.83792 5
968.07880 13
968.31969 11
968.56057 5
968.80145 12
969.04233 11
969.28322 14
969.52410 11
969.76498 8
970.00587 14
970.24675 11
970.48763 13
970.72852 16
970.96940 10
971.21028 10
971.45116 10
971.69205 13
971.93293 15
972.17381 12
972.41470 13
972.65558 10
972.89646 11
973.13735 13
973.37823 11
973.61911 10
973.85999 12
974.10088 16
974.34176 13
974.58264 10
974.82353 13
975.06441 7
975.30529 10
975.54618 7
975.78706 14
976.02794 12
976.26883 10
976.50971 4
976.75059 13
976.99147 11
977.23236 11
977.47324 9
977.71412 9
977.95501 7
978.19589 6
978.43677 16
978.67766 9
978.91854 10
979.15942 9
979.40030 12
979.64119 5
979.88207 8
980.12295 14
980.36384 8
980.60472 10
980.84560 13
981.08649 10
