# energy_keV counts
-9.43908 0
-9.19198 0
-8.94489 0
-8.69779 0
-8.45069 0
-8.20359 0
-7.95649 0
-7.70939 0
-7.46229 0
-7.21519 0
-6.96810 0
-6.72100 0
-6.47390 0
-6.22680 0
-5.97970 0
-5.73260 0
-5.48550 0
-5.23841 0
-4.99131 0
-4.74421 0
-4.49711 0
-4.25001 0
-4.00291 0
-3.75581 0
-3.50871 0
-3.26162 0
-3.01452 0
-2.76742 0
-2.52032 0
-2.27322 0
-2.02612 0
-1.77902 0
-1.53192 0
-1.28483 0
-1.03773 0
-0.79063 0
-0.54353 0
-0.29643 0
-0.04933 0
0.19777 0
0.44487 0
0.69196 21
0.93906 58
1.18616 42
1.43326 46
1.68036 51
1.92746 57
2.17456 52
2.42166 63
2.66875 43
2.91585 37
3.16295 43
3.41005 49
3.65715 44
3.90425 58
4.15135 48
4.39844 50
4.64554 50
4.89264 52
5.13974 44
5.38684 46
5.63394 47
5.88104 38
6.12814 55
6.37523 54
6.62233 57
6.86943 50
7.11653 43
7.36363 53
7.61073 52
7.85783 58
8.10493 53
8.35202 53
8.59912 49
8.84622 60
9.09332 58
9.34042 39
9.58752 62
9.83462 54
10.08172 49
10.32881 56
10.57591 46
10.82301 68
11.07011 51
11.31721 55
11.56431 62
11.81141 51
12.05850 52
12.30560 48
12.55270 55
12.79980 50
13.04690 51
13.29400 57
13.54110 56
13.78820 44
14.03529 48
14.28239 45
14.52949 54
14.77659 53
15.02369 49
15.27079 62
15.51789 51
15.76499 58
16.01208 60
16.25918 57
16.50628 62
16.75338 71
17.00048 55
17.24758 51
17.49468 59
17.74178 66
17.98887 43
18.23597 61
18.48307 60
18.73017 57
18.97727 56
19.22437 65
19.47147 41
19.71857 74
19.96566 69
20.21276 66
20.45986 60
20.70696 59
20.95406 59
21.20116 58
21.44826 55
21.69535 49
21.94245 61
22.18955 53
22.43665 56
22.68375 48
22.93085 55
23.17795 55
23.42505 61
23.67214 73
23.91924 58
24.16634 71
24.41344 64
24.66054 61
24.90764 62
25.15474 60
25.40184 70
25.64893 61
25.89603 55
26.14313 57
26.39023 57
26.63733 68
26.88443 59
27.13153 56
27.37863 66
27.62572 61
27.87282 57
28.11992 70
28.36702 55
28.61412 77
28.86122 65
29.10832 63
29.35541 47
29.60251 67
29.84961 55
30.09671 71
30.34381 63
30.59091 66
30.83801 62
31.08511 63
31.33220 75
31.57930 73
31.82640 71
32.07350 73
32.32060 62
32.56770 65
32.81480 59
33.06190 66
33.30899 65
33.55609 66
33.80319 89
34.05029 63
34.29739 56
34.54449 71
34.79159 64
35.03869 70
35.28578 59
35.53288 50
35.77998 64
36.02708 56
36.27418 51
36.52128 71
36.76838 62
37.01548 68
37.26257 64
37.50967 68
37.75677 76
38.00387 62
38.25097 87
38.49807 79
38.74517 65
38.99226 70
39.23936 70
39.48646 62
39.73356 62
39.98066 68
40.22776 65
40.47486 57
40.72196 64
40.96905 71
41.21615 78
41.46325 67
41.71035 65
41.95745 71
42.20455 74
42.45165 76
42.69875 67
42.94584 72
43.19294 73
43.44004 72
43.68714 83
43.93424 69
44.18134 73
44.42844 77
44.67554 77
44.92263 69
45.16973 56
45.41683 72
45.66393 76
45.91103 70
46.15813 60
46.40523 69
46.65232 66
46.89942 68
47.14652 77
47.39362 79
47.64072 74
47.88782 69
48.13492 67
48.38202 60
48.62911 80
48.87621 82
49.12331 89
49.37041 81
49.61751 72
49.86461 81
50.11171 51
50.35881 76
50.60590 65
50.85300 76
51.10010 77
51.34720 70
51.59430 60
51.84140 69
52.08850 81
52.33560 81
52.58269 75
52.82979 77
53.07689 68
53.32399 78
53.57109 74
53.81819 62
54.06529 68
54.31239 72
54.55948 75
54.80658 60
55.05368 71
55.30078 95
55.54788 82
55.79498 87
56.04208 81
56.28917 83
56.53627 89
56.78337 79
57.03047 79
57.27757 70
57.52467 73
57.77177 69
58.01887 80
58.26596 67
58.51306 90
58.76016 80
59.00726 70
59.25436 88
59.50146 66
59.74856 73
59.99566 86
60.24275 78
60.48985 78
60.73695 78
60.98405 83
61.23115 73
61.47825 108
61.72535 82
61.97245 92
62.21954 87
62.46664 76
62.71374 110
62.96084 88
63.20794 74
63.45504 77
63.70214 84
63.94923 79
64.19633 85
64.44343 98
64.69053 94
64.93763 105
65.18473 83
65.43183 80
65.67893 103
65.92602 97
66.17312 90
66.42022 88
66.66732 97
66.91442 92
67.16152 90
67.40862 92
67.65572 107
67.90281 103
68.14991 115
68.39701 92
68.64411 79
68.89121 99
69.13831 112
69.38541 99
69.63251 88
69.87960 92
70.12670 96
70.37380 95
70.62090 87
70.86800 73
71.11510 105
71.36220 96
71.60930 98
71.85639 107
72.10349 108
72.35059 95
72.59769 114
72.84479 91
73.09189 94
73.33899 114
73.58608 97
73.83318 120
74.08028 132
74.32738 117
74.57448 103
74.82158 111
75.06868 114
75.31578 110
75.56287 114
75.80997 122
76.05707 126
76.30417 101
76.55127 111
76.79837 111
77.04547 93
77.29257 111
77.53966 99
77.78676 106
78.03386 132
78.28096 118
78.52806 135
78.77516 105
79.02226 101
79.26936 104
79.51645 111
79.76355 130
80.01065 109
80.25775 89
80.50485 107
80.75195 109
80.99905 128
81.24614 95
81.49324 124
81.74034 96
81.98744 93
82.23454 96
82.48164 100
82.72874 86
82.97584 105
83.22293 90
83.47003 98
83.71713 82
83.96423 105
84.21133 99
84.45843 99
84.70553 118
84.95263 105
85.19972 97
85.44682 119
85.69392 104
85.94102 108
86.18812 103
86.43522 120
86.68232 114
86.92942 101
87.17651 112
87.42361 112
87.67071 86
87.91781 95
88.16491 104
88.41201 112
88.65911 110
88.90621 106
89.15330 111
89.40040 87
89.64750 98
89.89460 97
90.14170 88
90.38880 119
90.63590 94
90.88299 92
91.13009 110
91.37719 110
91.62429 100
91.87139 84
92.11849 92
92.36559 97
92.61269 116
92.85978 101
93.10688 88
93.35398 125
93.60108 97
93.84818 92
94.09528 100
94.34238 99
94.58948 99
94.83657 92
95.08367 106
95.33077 104
95.57787 102
95.82497 96
96.07207 87
96.31917 104
96.56627 96
96.81336 87
97.06046 116
97.30756 89
97.55466 100
97.80176 89
98.04886 82
98.29596 92
98.54305 86
98.79015 78
99.03725 90
99.28435 104
99.53145 91
99.77855 88
100.02565 103
100.27275 103
100.51984 103
100.76694 88
101.01404 105
101.26114 92
101.50824 94
101.75534 109
102.00244 79
102.24954 87
102.49663 90
102.74373 109
102.99083 101
103.23793 84
103.48503 95
103.73213 92
103.97923 80
104.22633 97
104.47342 92
104.72052 90
104.96762 101
105.21472 104
105.46182 100
105.70892 87
105.95602 93
106.20312 95
106.45021 94
106.69731 107
106.94441 95
107.19151 121
107.43861 96
107.68571 85
107.93281 81
108.17990 118
108.42700 82
108.67410 89
108.92120 87
109.16830 100
109.41540 70
109.66250 101
109.90960 101
110.15669 80
110.40379 103
110.65089 86
110.89799 95
111.14509 95
111.39219 92
111.63929 91
111.88639 104
112.13348 114
112.38058 89
112.62768 98
112.87478 100
113.12188 97
113.36898 103
113.61608 99
113.86318 111
114.11027 79
114.35737 90
114.60447 101
114.85157 89
115.09867 113
115.34577 114
115.59287 88
115.83996 89
116.08706 85
116.33416 107
116.58126 96
116.82836 94
117.07546 101
117.32256 94
117.56966 111
117.81675 84
118.06385 101
118.31095 91
118.55805 77
118.80515 84
119.05225 79
119.29935 83
119.54645 109
119.79354 110
120.04064 103
120.28774 91
120.53484 96
120.78194 90
121.02904 82
121.27614 81
121.52324 91
121.77033 116
122.01743 88
122.26453 98
122.51163 80
122.75873 97
123.00583 101
123.25293 82
123.50003 93
123.74712 92
123.99422 66
124.24132 96
124.48842 86
124.73552 107
124.98262 84
125.22972 87
125.47681 93
125.72391 97
125.97101 94
126.21811 90
126.46521 86
126.71231 81
126.95941 86
127.20651 79
127.45360 79
127.70070 82
127.94780 93
128.19490 81
128.44200 72
128.68910 108
128.93620 81
129.18330 99
129.43039 91
129.67749 77
129.92459 84
130.17169 85
130.41879 104
130.66589 100
130.91299 91
131.16009 87
131.40718 93
131.65428 69
131.90138 93
132.14848 83
132.39558 97
132.64268 97
132.88978 99
133.13687 80
133.38397 95
133.63107 98
133.87817 79
134.12527 87
134.37237 99
134.61947 88
134.86657 85
135.11366 71
135.36076 89
135.60786 79
135.85496 88
136.10206 99
136.34916 83
136.59626 80
136.84336 109
137.09045 81
137.33755 98
137.58465 83
137.83175 87
138.07885 90
138.32595 81
138.57305 83
138.82015 103
139.06724 85
139.31434 69
139.56144 109
139.80854 83
140.05564 105
140.30274 77
140.54984 93
140.79694 87
141.04403 80
141.29113 92
141.53823 98
141.78533 99
142.03243 97
142.27953 94
142.52663 85
142.77372 82
143.02082 61
143.26792 89
143.51502 79
143.76212 70
144.00922 67
144.25632 74
144.50342 88
144.75051 77
144.99761 65
145.24471 99
145.49181 83
145.73891 79
145.98601 83
146.23311 73
146.48021 82
146.72730 111
146.97440 84
147.22150 80
147.46860 92
147.71570 102
147.96280 85
148.20990 80
148.45700 74
148.70409 83
148.95119 90
149.19829 85
149.44539 84
149.69249 100
149.93959 93
150.18669 67
150.43378 91
150.68088 91
150.92798 84
151.17508 80
151.42218 76
151.66928 77
151.91638 80
152.16348 73
152.41057 87
152.65767 85
152.90477 68
153.15187 74
153.39897 67
153.64607 94
153.89317 74
154.14027 79
154.38736 77
154.63446 96
154.88156 107
155.12866 91
155.37576 89
155.62286 93
155.86996 82
156.11706 105
156.36415 84
156.61125 87
156.85835 91
157.10545 87
157.35255 66
157.59965 77
157.84675 94
158.09385 94
158.34094 69
158.58804 73
158.83514 79
159.08224 86
159.32934 87
159.57644 70
159.82354 93
160.07063 84
160.31773 85
160.56483 84
160.81193 82
161.05903 85
161.30613 90
161.55323 81
161.80033 74
162.04742 86
162.29452 76
162.54162 84
162.78872 105
163.03582 73
163.28292 82
163.53002 96
163.77712 78
164.02421 75
164.27131 87
164.51841 87
164.76551 90
165.01261 90
165.25971 89
165.50681 94
165.75391 83
166.00100 97
166.24810 80
166.49520 96
166.74230 89
166.98940 71
167.23650 90
167.48360 86
167.73069 84
167.97779 95
168.22489 92
168.47199 94
168.71909 87
168.96619 112
169.21329 88
169.46039 87
169.70748 83
169.95458 86
170.20168 93
170.44878 84
170.69588 84
170.94298 95
171.19008 88
171.43718 85
171.68427 92
171.93137 88
172.17847 101
172.42557 93
172.67267 83
172.91977 97
173.16687 111
173.41397 98
173.66106 88
173.90816 68
174.15526 88
174.40236 76
174.64946 107
174.89656 91
175.14366 106
175.39076 88
175.63785 111
175.88495 89
176.13205 88
176.37915 95
176.62625 97
176.87335 88
177.12045 108
177.36754 88
177.61464 100
177.86174 107
178.10884 96
178.35594 97
178.60304 84
178.85014 101
179.09724 101
179.34433 91
179.59143 93
179.83853 92
180.08563 101
180.33273 97
180.57983 116
180.82693 104
181.07403 89
181.32112 110
181.56822 85
181.81532 108
182.06242 103
182.30952 91
182.55662 110
182.80372 91
183.05082 88
183.29791 124
183.54501 121
183.79211 121
184.03921 90
184.28631 94
184.53341 77
184.78051 95
185.02760 97
185.27470 104
185.52180 87
185.76890 94
186.01600 83
186.26310 94
186.51020 98
186.75730 98
187.00439 73
187.25149 106
187.49859 101
187.74569 96
187.99279 99
188.23989 86
188.48699 93
188.73409 92
188.98118 85
189.22828 75
189.47538 98
189.72248 86
189.96958 81
190.21668 91
190.46378 78
190.71088 90
190.95797 85
191.20507 92
191.45217 100
191.69927 99
191.94637 89
192.19347 95
192.44057 99
192.68767 80
192.93476 98
193.18186 91
193.42896 101
193.67606 87
193.92316 94
194.17026 87
194.41736 89
194.66445 84
194.91155 98
195.15865 75
195.40575 82
195.65285 74
195.89995 105
196.14705 95
196.39415 94
196.64124 102
196.88834 105
197.13544 91
197.38254 76
197.62964 99
197.87674 85
198.12384 86
198.37094 92
198.61803 88
198.86513 103
199.11223 83
199.35933 91
199.60643 82
199.85353 86
200.10063 94
200.34773 90
200.59482 95
200.84192 80
201.08902 95
201.33612 80
201.58322 81
201.83032 88
202.07742 99
202.32451 104
202.57161 69
202.81871 99
203.06581 71
203.31291 83
203.56001 82
203.80711 97
204.05421 86
204.30130 67
204.54840 105
204.79550 100
205.04260 92
205.28970 76
205.53680 97
205.78390 102
206.03100 83
206.27809 101
206.52519 80
206.77229 91
207.01939 78
207.26649 84
207.51359 83
207.76069 100
208.00779 98
208.25488 86
208.50198 86
208.74908 85
208.99618 72
209.24328 75
209.49038 93
209.73748 84
209.98458 85
210.23167 73
210.47877 100
210.72587 71
210.97297 84
211.22007 90
211.46717 76
211.71427 89
211.96136 98
212.20846 85
212.45556 95
212.70266 96
212.94976 73
213.19686 79
213.44396 90
213.69106 93
213.93815 86
214.18525 84
214.43235 82
214.67945 99
214.92655 82
215.17365 92
215.42075 87
215.66785 82
215.91494 79
216.16204 67
216.40914 70
216.65624 69
216.90334 97
217.15044 87
217.39754 84
217.64464 84
217.89173 64
218.13883 99
218.38593 74
218.63303 72
218.88013 82
219.12723 72
219.37433 81
219.62142 76
219.86852 83
220.11562 97
220.36272 67
220.60982 72
220.85692 99
221.10402 86
221.35112 81
221.59821 84
221.84531 87
222.09241 102
222.33951 90
222.58661 93
222.83371 77
223.08081 84
223.32791 87
223.57500 78
223.82210 86
224.06920 68
224.31630 89
224.56340 94
224.81050 84
225.05760 85
225.30470 77
225.55179 82
225.79889 73
226.04599 69
226.29309 75
226.54019 77
226.78729 79
227.03439 90
227.28149 95
227.52858 81
227.77568 71
228.02278 75
228.26988 88
228.51698 73
228.76408 74
229.01118 85
229.25827 96
229.50537 58
229.75247 75
229.99957 92
230.24667 98
230.49377 92
230.74087 106
230.98797 83
231.23506 84
231.48216 68
231.72926 71
231.97636 69
232.22346 74
232.47056 80
232.71766 83
232.96476 86
233.21185 78
233.45895 62
233.70605 75
233.95315 88
234.20025 71
234.44735 77
234.69445 78
234.94155 71
235.18864 81
235.43574 84
235.68284 74
235.92994 80
236.17704 76
236.42414 90
236.67124 86
236.91833 78
237.16543 86
237.41253 83
237.65963 82
237.90673 79
238.15383 85
238.40093 73
238.64803 88
238.89512 68
239.14222 94
239.38932 73
239.63642 78
239.88352 77
240.13062 59
240.37772 68
240.62482 73
240.87191 73
241.11901 78
241.36611 77
241.61321 83
241.86031 72
242.10741 86
242.35451 71
242.60161 68
242.84870 67
243.09580 92
243.34290 89
243.59000 80
243.83710 87
244.08420 76
244.33130 72
244.57840 67
244.82549 82
245.07259 71
245.31969 69
245.56679 62
245.81389 85
246.06099 79
246.30809 66
246.55518 72
246.80228 67
247.04938 85
247.29648 78
247.54358 89
247.79068 75
248.03778 68
248.28488 80
248.53197 62
248.77907 74
249.02617 72
249.27327 75
249.52037 74
249.76747 69
250.01457 70
250.26167 71
250.50876 74
250.75586 79
251.00296 50
251.25006 63
251.49716 71
251.74426 79
251.99136 83
252.23846 65
252.48555 72
252.73265 60
252.97975 65
253.22685 80
253.47395 79
253.72105 66
253.96815 77
254.21524 72
254.46234 70
254.70944 67
254.95654 68
255.20364 63
255.45074 71
255.69784 68
255.94494 64
256.19203 56
256.43913 63
256.68623 59
256.93333 66
257.18043 76
257.42753 73
257.67463 53
257.92173 57
258.16882 62
258.41592 57
258.66302 66
258.91012 61
259.15722 64
259.40432 69
259.65142 74
259.89852 58
260.14561 70
260.39271 72
260.63981 71
260.88691 75
261.13401 75
261.38111 56
261.62821 67
261.87531 68
262.12240 80
262.36950 63
262.61660 80
262.86370 62
263.11080 62
263.35790 67
263.60500 62
263.85209 77
264.09919 67
264.34629 61
264.59339 64
264.84049 63
265.08759 64
265.33469 64
265.58179 61
265.82888 75
266.07598 68
266.32308 66
266.57018 64
266.81728 56
267.06438 58
267.31148 74
267.55858 66
267.80567 79
268.05277 61
268.29987 66
268.54697 69
268.79407 67
269.04117 77
269.28827 58
269.53537 66
269.78246 65
270.02956 68
270.27666 65
270.52376 56
270.77086 49
271.01796 75
271.26506 70
271.51215 58
271.75925 65
272.00635 58
272.25345 80
272.50055 68
272.74765 60
272.99475 89
273.24185 63
273.48894 53
273.73604 59
273.98314 66
274.23024 68
274.47734 63
274.72444 73
274.97154 69
275.21864 66
275.46573 65
275.71283 69
275.95993 64
276.20703 59
276.45413 63
276.70123 60
276.94833 57
277.19543 41
277.44252 66
277.68962 66
277.93672 69
278.18382 66
278.43092 80
278.67802 59
278.92512 59
279.17222 65
279.41931 78
279.66641 65
279.91351 68
280.16061 61
280.40771 67
280.65481 69
280.90191 63
281.14900 71
281.39610 59
281.64320 66
281.89030 59
282.13740 66
282.38450 56
282.63160 75
282.87870 64
283.12579 69
283.37289 66
283.61999 59
283.86709 65
284.11419 71
284.36129 60
284.60839 64
284.85549 68
285.10258 72
285.34968 71
285.59678 59
285.84388 57
286.09098 74
286.33808 66
286.58518 64
286.83228 69
287.07937 60
287.32647 62
287.57357 56
287.82067 77
288.06777 61
288.31487 65
288.56197 62
288.80906 63
289.05616 64
289.30326 54
289.55036 57
289.79746 79
290.04456 80
290.29166 72
290.53876 68
290.78585 64
291.03295 57
291.28005 59
291.52715 73
291.77425 59
292.02135 51
292.26845 74
292.51555 57
292.76264 58
293.00974 59
293.25684 70
293.50394 61
293.75104 42
293.99814 65
294.24524 74
294.49234 55
294.73943 60
294.98653 55
295.23363 57
295.48073 59
295.72783 67
295.97493 74
296.22203 57
296.46913 55
296.71622 55
296.96332 67
297.21042 47
297.45752 67
297.70462 59
297.95172 60
298.19882 55
298.44591 66
298.69301 64
298.94011 58
299.18721 56
299.43431 72
299.68141 48
299.92851 61
300.17561 65
300.42270 63
300.66980 42
300.91690 53
301.16400 52
301.41110 68
301.65820 51
301.90530 72
302.15240 65
302.39949 76
302.64659 57
302.89369 53
303.14079 65
303.38789 57
303.63499 74
303.88209 57
304.12919 80
304.37628 66
304.62338 73
304.87048 67
305.11758 62
305.36468 79
305.61178 58
305.85888 60
306.10597 61
306.35307 64
306.60017 56
306.84727 66
307.09437 60
307.34147 60
307.58857 70
307.83567 69
308.08276 46
308.32986 70
308.57696 54
308.82406 48
309.07116 71
309.31826 49
309.56536 66
309.81246 55
310.05955 76
310.30665 52
310.55375 71
310.80085 74
311.04795 53
311.29505 58
311.54215 61
311.78925 55
312.03634 51
312.28344 52
312.53054 55
312.77764 51
313.02474 54
313.27184 49
313.51894 52
313.76604 50
314.01313 54
314.26023 50
314.50733 67
314.75443 52
315.00153 71
315.24863 57
315.49573 64
315.74282 57
315.98992 62
316.23702 59
316.48412 52
316.73122 53
316.97832 59
317.22542 70
317.47252 68
317.71961 43
317.96671 43
318.21381 52
318.46091 59
318.70801 55
318.95511 49
319.20221 54
319.44931 55
319.69640 58
319.94350 58
320.19060 68
320.43770 60
320.68480 66
320.93190 60
321.17900 62
321.42610 63
321.67319 53
321.92029 56
322.16739 56
322.41449 62
322.66159 53
322.90869 68
323.15579 72
323.40288 59
323.64998 46
323.89708 66
324.14418 69
324.39128 58
324.63838 64
324.88548 58
325.13258 74
325.37967 52
325.62677 49
325.87387 64
326.12097 58
326.36807 55
326.61517 59
326.86227 58
327.10937 60
327.35646 51
327.60356 47
327.85066 50
328.09776 54
328.34486 44
328.59196 49
328.83906 47
329.08616 54
329.33325 53
329.58035 48
329.82745 50
330.07455 51
330.32165 59
330.56875 59
330.81585 43
331.06295 44
331.31004 49
331.55714 46
331.80424 61
332.05134 64
332.29844 45
332.54554 50
332.79264 49
333.03973 36
333.28683 40
333.53393 58
333.78103 64
334.02813 51
334.27523 61
334.52233 49
334.76943 33
335.01652 51
335.26362 47
335.51072 45
335.75782 53
336.00492 41
336.25202 51
336.49912 50
336.74622 55
336.99331 41
337.24041 28
337.48751 49
337.73461 51
337.98171 49
338.22881 36
338.47591 40
338.72301 54
338.97010 34
339.21720 45
339.46430 44
339.71140 44
339.95850 43
340.20560 33
340.45270 47
340.69979 40
340.94689 39
341.19399 44
341.44109 44
341.68819 47
341.93529 39
342.18239 37
342.42949 44
342.67658 48
342.92368 41
343.17078 33
343.41788 44
343.66498 37
343.91208 42
344.15918 34
344.40628 40
344.65337 46
344.90047 29
345.14757 38
345.39467 48
345.64177 41
345.88887 55
346.13597 28
346.38307 31
346.63016 29
346.87726 37
347.12436 27
347.37146 41
347.61856 40
347.86566 37
348.11276 34
348.35986 46
348.60695 27
348.85405 40
349.10115 43
349.34825 49
349.59535 32
349.84245 38
350.08955 38
350.33664 32
350.58374 45
350.83084 40
351.07794 33
351.32504 38
351.57214 36
351.81924 31
352.06634 32
352.31343 39
352.56053 36
352.80763 25
353.05473 30
353.30183 28
353.54893 30
353.79603 42
354.04313 40
354.29022 48
354.53732 23
354.78442 24
355.03152 33
355.27862 33
355.52572 30
355.77282 45
356.01992 37
356.26701 31
356.51411 27
356.76121 41
357.00831 37
357.25541 20
357.50251 23
357.74961 37
357.99670 32
358.24380 42
358.49090 34
358.73800 35
358.98510 28
359.23220 28
359.47930 31
359.72640 32
359.97349 30
360.22059 40
360.46769 23
360.71479 27
360.96189 35
361.20899 31
361.45609 26
361.70319 27
361.95028 33
362.19738 31
362.44448 29
362.69158 32
362.93868 36
363.18578 31
363.43288 30
363.67998 21
363.92707 31
364.17417 33
364.42127 26
364.66837 28
364.91547 24
365.16257 34
365.40967 21
365.65677 31
365.90386 30
366.15096 26
366.39806 19
366.64516 36
366.89226 29
367.13936 32
367.38646 29
367.63355 31
367.88065 29
368.12775 34
368.37485 25
368.62195 35
368.86905 36
369.11615 29
369.36325 25
369.61034 23
369.85744 35
370.10454 21
370.35164 32
370.59874 29
370.84584 24
371.09294 24
371.34004 27
371.58713 19
371.83423 30
372.08133 23
372.32843 30
372.57553 38
372.82263 36
373.06973 34
373.31683 40
373.56392 19
373.81102 28
374.05812 27
374.30522 29
374.55232 21
374.79942 28
375.04652 24
375.29361 28
375.54071 29
375.78781 28
376.03491 28
376.28201 28
376.52911 26
376.77621 28
377.02331 27
377.27040 35
377.51750 36
377.76460 21
378.01170 39
378.25880 31
378.50590 33
378.75300 28
379.00010 22
379.24719 21
379.49429 27
379.74139 33
379.98849 19
380.23559 28
380.48269 34
380.72979 19
380.97689 29
381.22398 41
381.47108 25
381.71818 23
381.96528 31
382.21238 22
382.45948 38
382.70658 27
382.95368 29
383.20077 22
383.44787 29
383.69497 15
383.94207 23
384.18917 36
384.43627 22
384.68337 36
384.93046 22
385.17756 25
385.42466 24
385.67176 28
385.91886 24
386.16596 25
386.41306 18
386.66016 25
386.90725 26
387.15435 19
387.40145 28
387.64855 23
387.89565 32
388.14275 24
388.38985 23
388.63695 20
388.88404 23
389.13114 28
389.37824 29
389.62534 27
389.87244 21
390.11954 25
390.36664 26
390.61374 28
390.86083 18
391.10793 26
391.35503 14
391.60213 37
391.84923 19
392.09633 26
392.34343 25
392.59052 35
392.83762 27
393.08472 26
393.33182 22
393.57892 31
393.82602 25
394.07312 36
394.32022 32
394.56731 24
394.81441 28
395.06151 29
395.30861 22
395.55571 29
395.80281 25
396.04991 23
396.29701 26
396.54410 27
396.79120 29
397.03830 22
397.28540 28
397.53250 18
397.77960 24
398.02670 25
398.27380 23
398.52089 21
398.76799 20
399.01509 22
399.26219 17
399.50929 17
399.75639 22
400.00349 25
400.25059 17
400.49768 24
400.74478 25
400.99188 26
401.23898 22
401.48608 31
401.73318 19
401.98028 23
402.22737 25
402.47447 23
402.72157 22
402.96867 33
403.21577 18
403.46287 29
403.70997 19
403.95707 21
404.20416 22
404.45126 18
404.69836 28
404.94546 22
405.19256 23
405.43966 22
405.68676 25
405.93386 26
406.18095 25
406.42805 23
406.67515 22
406.92225 28
407.16935 19
407.41645 16
407.66355 19
407.91065 18
408.15774 16
408.40484 23
408.65194 23
408.89904 28
409.14614 19
409.39324 23
409.64034 25
409.88743 17
410.13453 16
410.38163 34
410.62873 21
410.87583 23
411.12293 26
411.37003 23
411.61713 28
411.86422 28
412.11132 16
412.35842 23
412.60552 28
412.85262 26
413.09972 26
413.34682 14
413.59392 19
413.84101 20
414.08811 19
414.33521 27
414.58231 19
414.82941 23
415.07651 17
415.32361 25
415.57071 21
415.81780 26
416.06490 18
416.31200 29
416.55910 17
416.80620 20
417.05330 22
417.30040 27
417.54750 22
417.79459 22
418.04169 25
418.28879 33
418.53589 19
418.78299 18
419.03009 22
419.27719 28
419.52428 28
419.77138 19
420.01848 9
420.26558 26
420.51268 19
420.75978 25
421.00688 25
421.25398 20
421.50107 23
421.74817 24
421.99527 18
422.24237 19
422.48947 22
422.73657 24
422.98367 14
423.23077 26
423.47786 22
423.72496 23
423.97206 17
424.21916 36
424.46626 23
424.71336 24
424.96046 22
425.20756 24
425.45465 18
425.70175 18
425.94885 19
426.19595 20
426.44305 27
426.69015 24
426.93725 16
427.18434 26
427.43144 19
427.67854 17
427.92564 23
428.17274 31
428.41984 20
428.66694 20
428.91404 19
429.16113 23
429.40823 17
429.65533 22
429.90243 21
430.14953 21
430.39663 25
430.64373 24
430.89083 20
431.13792 25
431.38502 23
431.63212 27
431.87922 22
432.12632 19
432.37342 22
432.62052 16
432.86762 27
433.11471 25
433.36181 22
433.60891 19
433.85601 23
434.10311 13
434.35021 29
434.59731 23
434.84441 24
435.09150 28
435.33860 27
435.58570 31
435.83280 19
436.07990 20
436.32700 19
436.57410 20
436.82119 22
437.06829 25
437.31539 21
437.56249 24
437.80959 27
438.05669 16
438.30379 16
438.55089 21
438.79798 24
439.04508 19
439.29218 26
439.53928 25
439.78638 13
440.03348 13
440.28058 24
440.52768 23
440.77477 19
441.02187 12
441.26897 15
441.51607 20
441.76317 22
442.01027 17
442.25737 30
442.50447 23
442.75156 30
442.99866 18
443.24576 24
443.49286 22
443.73996 27
443.98706 25
444.23416 27
444.48125 20
444.72835 25
444.97545 10
445.22255 26
445.46965 22
445.71675 29
445.96385 18
446.21095 30
446.45804 25
446.70514 21
446.95224 28
447.19934 22
447.44644 16
447.69354 30
447.94064 24
448.18774 23
448.43483 19
448.68193 29
448.92903 24
449.17613 28
449.42323 15
449.67033 30
449.91743 30
450.16453 31
450.41162 16
450.65872 17
450.90582 15
451.15292 26
451.40002 19
451.64712 33
451.89422 24
452.14132 23
452.38841 23
452.63551 20
452.88261 18
453.12971 17
453.37681 29
453.62391 24
453.87101 26
454.11810 29
454.36520 24
454.61230 21
454.85940 31
455.10650 33
455.35360 22
455.60070 21
455.84780 16
456.09489 21
456.34199 22
456.58909 26
456.83619 24
457.08329 23
457.33039 20
457.57749 26
457.82459 20
458.07168 23
458.31878 24
458.56588 23
458.81298 28
459.06008 18
459.30718 26
459.55428 25
459.80138 22
460.04847 28
460.29557 14
460.54267 29
460.78977 22
461.03687 25
461.28397 28
461.53107 19
461.77816 28
462.02526 26
462.27236 24
462.51946 36
462.76656 19
463.01366 15
463.26076 22
463.50786 30
463.75495 34
464.00205 31
464.24915 34
464.49625 24
464.74335 27
464.99045 27
465.23755 20
465.48465 27
465.73174 24
465.97884 16
466.22594 30
466.47304 37
466.72014 24
466.96724 29
467.21434 26
467.46144 39
467.70853 32
467.95563 23
468.20273 24
468.44983 26
468.69693 30
468.94403 39
469.19113 36
469.43823 35
469.68532 26
469.93242 26
470.17952 29
470.42662 37
470.67372 36
470.92082 36
471.16792 37
471.41501 31
471.66211 39
471.90921 23
472.15631 46
472.40341 54
472.65051 51
472.89761 40
473.14471 39
473.39180 50
473.63890 36
473.88600 47
474.13310 37
474.38020 36
474.62730 36
474.87440 47
475.12150 46
475.36859 44
475.61569 48
475.86279 35
476.10989 42
476.35699 45
476.60409 49
476.85119 48
477.09829 53
477.34538 38
477.59248 53
477.83958 55
478.08668 51
478.33378 65
478.58088 70
478.82798 50
479.07507 54
479.32217 60
479.56927 65
479.81637 81
480.06347 62
480.31057 71
480.55767 66
480.80477 80
481.05186 64
481.29896 75
481.54606 79
481.79316 76
482.04026 79
482.28736 71
482.53446 90
482.78156 87
483.02865 85
483.27575 87
483.52285 81
483.76995 83
484.01705 84
484.26415 113
484.51125 98
484.75835 101
485.00544 93
485.25254 99
485.49964 94
485.74674 99
485.99384 102
486.24094 102
486.48804 110
486.73514 119
486.98223 118
487.22933 117
487.47643 124
487.72353 136
487.97063 140
488.21773 120
488.46483 135
488.71192 115
488.95902 140
489.20612 118
489.45322 144
489.70032 135
489.94742 132
490.19452 134
490.44162 159
490.68871 159
490.93581 166
491.18291 162
491.43001 156
491.67711 163
491.92421 165
492.17131 173
492.41841 170
492.66550 157
492.91260 160
493.15970 189
493.40680 213
493.65390 195
493.90100 197
494.14810 204
494.39520 216
494.64229 171
494.88939 180
495.13649 183
495.38359 231
495.63069 246
495.87779 241
496.12489 202
496.37198 216
496.61908 203
496.86618 197
497.11328 228
497.36038 237
497.60748 219
497.85458 189
498.10168 232
498.34877 240
498.59587 217
498.84297 242
499.09007 243
499.33717 234
499.58427 266
499.83137 248
500.07847 297
500.32556 258
500.57266 258
500.81976 272
501.06686 284
501.31396 281
501.56106 278
501.80816 291
502.05526 311
502.30235 297
502.54945 300
502.79655 348
503.04365 309
503.29075 306
503.53785 308
503.78495 298
504.03205 286
504.27914 311
504.52624 310
504.77334 334
505.02044 316
505.26754 331
505.51464 326
505.76174 322
506.00883 356
506.25593 344
506.50303 352
506.75013 294
506.99723 339
507.24433 329
507.49143 311
507.73853 345
507.98562 335
508.23272 345
508.47982 377
508.72692 337
508.97402 326
509.22112 339
509.46822 329
509.71532 335
509.96241 346
510.20951 344
510.45661 364
510.70371 335
510.95081 391
511.19791 330
511.44501 364
511.69211 374
511.93920 376
512.18630 371
512.43340 340
512.68050 392
512.92760 375
513.17470 334
513.42180 342
513.66889 364
513.91599 364
514.16309 338
514.41019 345
514.65729 352
514.90439 352
515.15149 385
515.39859 357
515.64568 319
515.89278 373
516.13988 369
516.38698 349
516.63408 339
516.88118 390
517.12828 374
517.37538 366
517.62247 370
517.86957 369
518.11667 339
518.36377 337
518.61087 378
518.85797 368
519.10507 335
519.35217 320
519.59926 339
519.84636 367
520.09346 306
520.34056 320
520.58766 315
520.83476 297
521.08186 347
521.32896 290
521.57605 319
521.82315 323
522.07025 311
522.31735 313
522.56445 329
522.81155 295
523.05865 292
523.30574 297
523.55284 323
523.79994 323
524.04704 285
524.29414 277
524.54124 287
524.78834 283
525.03544 267
525.28253 254
525.52963 288
525.77673 271
526.02383 249
526.27093 255
526.51803 276
526.76513 288
527.01223 267
527.25932 220
527.50642 242
527.75352 265
528.00062 216
528.24772 257
528.49482 224
528.74192 225
528.98902 246
529.23611 205
529.48321 217
529.73031 200
529.97741 220
530.22451 191
530.47161 205
530.71871 198
530.96580 182
531.21290 184
531.46000 178
531.70710 196
531.95420 191
532.20130 196
532.44840 199
532.69550 187
532.94259 178
533.18969 144
533.43679 163
533.68389 170
533.93099 146
534.17809 148
534.42519 141
534.67229 155
534.91938 160
535.16648 160
535.41358 151
535.66068 130
535.90778 130
536.15488 112
536.40198 148
536.64908 133
536.89617 133
537.14327 100
537.39037 139
537.63747 103
537.88457 105
538.13167 106
538.37877 132
538.62587 113
538.87296 119
539.12006 108
539.36716 92
539.61426 91
539.86136 120
540.10846 87
540.35556 96
540.60265 109
540.84975 75
541.09685 77
541.34395 91
541.59105 74
541.83815 84
542.08525 60
542.33235 69
542.57944 62
542.82654 65
543.07364 71
543.32074 54
543.56784 52
543.81494 56
544.06204 47
544.30914 57
544.55623 70
544.80333 50
545.05043 44
545.29753 43
545.54463 54
545.79173 35
546.03883 38
546.28593 42
546.53302 53
546.78012 45
547.02722 41
547.27432 39
547.52142 27
547.76852 42
548.01562 35
548.26271 33
548.50981 31
548.75691 41
549.00401 41
549.25111 35
549.49821 31
549.74531 32
549.99241 37
550.23950 23
550.48660 27
550.73370 30
550.98080 28
551.22790 25
551.47500 36
551.72210 19
551.96920 22
552.21629 16
552.46339 27
552.71049 20
552.95759 24
553.20469 13
553.45179 23
553.69889 30
553.94599 24
554.19308 12
554.44018 23
554.68728 19
554.93438 18
555.18148 16
555.42858 20
555.67568 17
555.92278 22
556.16987 16
556.41697 14
556.66407 19
556.91117 18
557.15827 13
557.40537 13
557.65247 17
557.89956 13
558.14666 18
558.39376 15
558.64086 16
558.88796 15
559.13506 14
559.38216 17
559.62926 13
559.87635 12
560.12345 13
560.37055 13
560.61765 17
560.86475 18
561.11185 15
561.35895 24
561.60605 13
561.85314 16
562.10024 18
562.34734 10
562.59444 15
562.84154 21
563.08864 14
563.33574 14
563.58284 11
563.82993 12
564.07703 14
564.32413 19
564.57123 9
564.81833 17
565.06543 9
565.31253 12
565.55962 15
565.80672 11
566.05382 15
566.30092 13
566.54802 18
566.79512 12
567.04222 15
567.28932 17
567.53641 14
567.78351 5
568.03061 16
568.27771 16
568.52481 16
568.77191 10
569.01901 16
569.26611 10
569.51320 10
569.76030 12
570.00740 18
570.25450 7
570.50160 17
570.74870 13
570.99580 10
571.24290 15
571.48999 12
571.73709 13
571.98419 12
572.23129 17
572.47839 14
572.72549 16
572.97259 7
573.21969 12
573.46678 14
573.71388 10
573.96098 11
574.20808 14
574.45518 14
574.70228 15
574.94938 13
575.19647 18
575.44357 10
575.69067 14
575.93777 17
576.18487 10
576.43197 6
576.67907 12
576.92617 14
577.17326 12
577.42036 10
577.66746 11
577.91456 14
578.16166 13
578.40876 16
578.65586 10
578.90296 10
579.15005 15
579.39715 15
579.64425 14
579.89135 12
580.13845 16
580.38555 19
580.63265 18
580.87975 13
581.12684 13
581.37394 10
581.62104 4
581.86814 15
582.11524 8
582.36234 18
582.60944 13
582.85653 11
583.10363 16
583.35073 18
583.59783 11
583.84493 13
584.09203 9
584.33913 7
584.58623 16
584.83332 8
585.08042 11
585.32752 10
585.57462 11
585.82172 11
586.06882 11
586.31592 11
586.56302 9
586.81011 8
587.05721 15
587.30431 15
587.55141 9
587.79851 15
588.04561 8
588.29271 12
588.53981 10
588.78690 12
589.03400 16
589.28110 10
589.52820 7
589.77530 14
590.02240 16
590.26950 18
590.51660 12
590.76369 11
591.01079 11
591.25789 13
591.50499 14
591.75209 12
591.99919 11
592.24629 8
592.49338 13
592.74048 12
592.98758 12
593.23468 13
593.48178 11
593.72888 13
593.97598 9
594.22308 14
594.47017 7
594.71727 9
594.96437 15
595.21147 14
595.45857 12
595.70567 14
595.95277 14
596.19987 11
596.44696 12
596.69406 11
596.94116 15
597.18826 9
597.43536 16
597.68246 14
597.92956 12
598.17666 12
598.42375 19
598.67085 11
598.91795 12
599.16505 8
599.41215 12
599.65925 9
599.90635 19
600.15344 17
600.40054 11
600.64764 8
600.89474 7
601.14184 8
601.38894 12
601.63604 9
601.88314 12
602.13023 13
602.37733 7
602.62443 18
602.87153 9
603.11863 11
603.36573 12
603.61283 15
603.85993 13
604.10702 14
604.35412 14
604.60122 16
604.84832 10
605.09542 10
605.34252 8
605.58962 12
605.83672 21
606.08381 7
606.33091 6
606.57801 12
606.82511 18
607.07221 12
607.31931 10
607.56641 15
607.81351 20
608.06060 8
608.30770 8
608.55480 10
608.80190 9
609.04900 9
609.29610 11
609.54320 12
609.79029 11
610.03739 14
610.28449 4
610.53159 11
610.77869 13
611.02579 7
611.27289 11
611.51999 7
611.76708 17
612.01418 8
612.26128 11
612.50838 10
612.75548 17
613.00258 18
613.24968 11
613.49678 9
613.74387 20
613.99097 14
614.23807 12
614.48517 8
614.73227 12
614.97937 7
615.22647 16
615.47357 16
615.72066 14
615.96776 13
616.21486 11
616.46196 14
616.70906 10
616.95616 10
617.20326 15
617.45035 4
617.69745 9
617.94455 12
618.19165 19
618.43875 10
618.68585 10
618.93295 5
619.18005 21
619.42714 3
619.67424 12
619.92134 8
620.16844 8
620.41554 13
620.66264 9
620.90974 10
621.15684 9
621.40393 14
621.65103 20
621.89813 12
622.14523 9
622.39233 8
622.63943 10
622.88653 18
623.13363 9
623.38072 16
623.62782 7
623.87492 7
624.12202 8
624.36912 17
624.61622 11
624.86332 10
625.11042 12
625.35751 15
625.60461 10
625.85171 11
626.09881 10
626.34591 9
626.59301 10
626.84011 10
627.08720 6
627.33430 10
627.58140 19
627.82850 14
628.07560 18
628.32270 6
628.56980 9
628.81690 15
629.06399 6
629.31109 15
629.55819 7
629.80529 13
630.05239 11
630.29949 10
630.54659 12
630.79369 9
631.04078 11
631.28788 9
631.53498 11
631.78208 11
632.02918 13
632.27628 10
632.52338 12
632.77048 13
633.01757 10
633.26467 7
633.51177 17
633.75887 9
634.00597 14
634.25307 10
634.50017 18
634.74726 5
634.99436 11
635.24146 14
635.48856 9
635.73566 12
635.98276 13
636.22986 17
636.47696 6
636.72405 12
636.97115 12
637.21825 11
637.46535 13
637.71245 8
637.95955 13
638.20665 8
638.45375 11
638.70084 10
638.94794 16
639.19504 12
639.44214 11
639.68924 9
639.93634 4
640.18344 7
640.43054 14
640.67763 15
640.92473 14
641.17183 15
641.41893 8
641.66603 13
641.91313 15
642.16023 25
642.40733 14
642.65442 17
642.90152 10
643.14862 7
643.39572 12
643.64282 9
643.88992 13
644.13702 10
644.38411 12
644.63121 9
644.87831 8
645.12541 10
645.37251 4
645.61961 13
645.86671 14
646.11381 14
646.36090 11
646.60800 12
646.85510 9
647.10220 11
647.34930 6
647.59640 14
647.84350 12
648.09060 8
648.33769 10
648.58479 12
648.83189 8
649.07899 14
649.32609 15
649.57319 9
649.82029 12
650.06739 10
650.31448 7
650.56158 8
650.80868 16
651.05578 9
651.30288 15
651.54998 12
651.79708 18
652.04417 11
652.29127 8
652.53837 10
652.78547 13
653.03257 8
653.27967 15
653.52677 12
653.77387 13
654.02096 12
654.26806 4
654.51516 10
654.76226 12
655.00936 3
655.25646 13
655.50356 21
655.75066 8
655.99775 10
656.24485 9
656.49195 12
656.73905 13
656.98615 13
657.23325 11
657.48035 13
657.72745 6
657.97454 8
658.22164 9
658.46874 10
658.71584 14
658.96294 15
659.21004 7
659.45714 9
659.70424 12
659.95133 12
660.19843 8
660.44553 13
660.69263 14
660.93973 6
661.18683 8
661.43393 10
661.68102 13
661.92812 8
662.17522 8
662.42232 15
662.66942 8
662.91652 16
663.16362 9
663.41072 3
663.65781 9
663.90491 4
664.15201 8
664.39911 8
664.64621 12
664.89331 12
665.14041 17
665.38751 20
665.63460 11
665.88170 12
666.12880 7
666.37590 15
666.62300 10
666.87010 15
667.11720 10
667.36430 10
667.61139 11
667.85849 10
668.10559 11
668.35269 9
668.59979 10
668.84689 12
669.09399 12
669.34108 12
669.58818 11
669.83528 13
670.08238 12
670.32948 9
670.57658 14
670.82368 7
671.07078 9
671.31787 9
671.56497 13
671.81207 15
672.05917 13
672.30627 7
672.55337 10
672.80047 10
673.04757 6
673.29466 13
673.54176 10
673.78886 13
674.03596 13
674.28306 7
674.53016 8
674.77726 11
675.02436 7
675.27145 17
675.51855 8
675.76565 10
676.01275 10
676.25985 13
676.50695 9
676.75405 13
677.00115 16
677.24824 15
677.49534 7
677.74244 4
677.98954 12
678.23664 8
678.48374 12
678.73084 8
678.97793 10
679.22503 10
679.47213 13
679.71923 14
679.96633 12
680.21343 12
680.46053 10
680.70763 17
680.95472 9
681.20182 15
681.44892 8
681.69602 16
681.94312 11
682.19022 13
682.43732 15
682.68442 15
682.93151 14
683.17861 14
683.42571 8
683.67281 12
683.91991 6
684.16701 17
684.41411 14
684.66121 7
684.90830 11
685.15540 11
685.40250 14
685.64960 10
685.89670 9
686.14380 14
686.39090 9
686.63799 14
686.88509 9
687.13219 9
687.37929 15
687.62639 5
687.87349 5
688.12059 12
688.36769 14
688.61478 11
688.86188 14
689.10898 13
689.35608 7
689.60318 7
689.85028 12
690.09738 12
690.34448 11
690.59157 8
690.83867 8
691.08577 10
691.33287 11
691.57997 11
691.82707 10
692.07417 13
692.32127 15
692.56836 12
692.81546 13
693.06256 11
693.30966 11
693.55676 10
693.80386 15
694.05096 10
694.29806 10
694.54515 11
694.79225 12
695.03935 13
695.28645 16
695.53355 11
695.78065 9
696.02775 13
696.27484 12
696.52194 15
696.76904 13
697.01614 7
697.26324 7
697.51034 15
697.75744 12
698.00454 17
698.25163 9
698.49873 13
698.74583 9
698.99293 13
699.24003 10
699.48713 14
699.73423 15
699.98133 7
700.22842 23
700.47552 13
700.72262 13
700.96972 11
701.21682 10
701.46392 9
701.71102 19
701.95812 13
702.20521 6
702.45231 11
702.69941 19
702.94651 13
703.19361 12
703.44071 16
703.68781 10
703.93490 10
704.18200 15
704.42910 8
704.67620 17
704.92330 15
705.17040 10
705.41750 11
705.66460 16
705.91169 15
706.15879 4
706.40589 8
706.65299 8
706.90009 9
707.14719 15
707.39429 15
707.64139 9
707.88848 8
708.13558 9
708.38268 14
708.62978 16
708.87688 6
709.12398 15
709.37108 18
709.61818 15
709.86527 11
710.11237 13
710.35947 13
710.60657 14
710.85367 13
711.10077 17
711.34787 13
711.59497 13
711.84206 15
712.08916 13
712.33626 10
712.58336 10
712.83046 13
713.07756 13
713.32466 15
713.57175 5
713.81885 12
714.06595 6
714.31305 13
714.56015 14
714.80725 6
715.05435 11
715.30145 13
715.54854 9
715.79564 21
716.04274 11
716.28984 13
716.53694 13
716.78404 12
717.03114 14
717.27824 14
717.52533 10
717.77243 8
718.01953 13
718.26663 10
718.51373 14
718.76083 11
719.00793 16
719.25503 12
719.50212 8
719.74922 11
719.99632 9
720.24342 16
720.49052 12
720.73762 13
720.98472 11
721.23181 16
721.47891 8
721.72601 16
721.97311 15
722.22021 14
722.46731 13
722.71441 17
722.96151 13
723.20860 12
723.45570 12
723.70280 13
723.94990 13
724.19700 17
724.44410 9
724.69120 17
724.93830 16
725.18539 8
725.43249 11
725.67959 11
725.92669 12
726.17379 11
726.42089 7
726.66799 9
726.91509 14
727.16218 11
727.40928 18
727.65638 16
727.90348 14
728.15058 10
728.39768 15
728.64478 12
728.89188 14
729.13897 7
729.38607 10
729.63317 11
729.88027 14
730.12737 12
730.37447 14
730.62157 13
730.86866 9
731.11576 6
731.36286 11
731.60996 11
731.85706 8
732.10416 11
732.35126 6
732.59836 18
732.84545 16
733.09255 10
733.33965 15
733.58675 7
733.83385 17
734.08095 14
734.32805 13
734.57515 10
734.82224 12
735.06934 17
735.31644 9
735.56354 8
735.81064 6
736.05774 13
736.30484 11
736.55194 9
736.79903 8
737.04613 10
737.29323 16
737.54033 10
737.78743 10
738.03453 12
738.28163 12
738.52872 8
738.77582 10
739.02292 13
739.27002 11
739.51712 9
739.76422 7
740.01132 9
740.25842 11
740.50551 18
740.75261 4
740.99971 13
741.24681 10
741.49391 8
741.74101 10
741.98811 5
742.23521 13
742.48230 9
742.72940 5
742.97650 11
743.22360 8
743.47070 12
743.71780 13
743.96490 10
744.21200 16
744.45909 8
744.70619 13
744.95329 12
745.20039 17
745.44749 10
745.69459 11
745.94169 9
746.18879 11
746.43588 16
746.68298 13
746.93008 20
747.17718 20
747.42428 17
747.67138 9
747.91848 11
748.16557 12
748.41267 12
748.65977 15
748.90687 9
749.15397 6
749.40107 17
749.64817 9
749.89527 12
750.14236 8
750.38946 10
750.63656 7
750.88366 12
751.13076 12
751.37786 11
751.62496 9
751.87206 7
752.11915 13
752.36625 7
752.61335 13
752.86045 19
753.10755 15
753.35465 7
753.60175 11
753.84885 12
754.09594 10
754.34304 11
754.59014 12
754.83724 13
755.08434 7
755.33144 12
755.57854 11
755.82563 9
756.07273 7
756.31983 10
756.56693 15
756.81403 8
757.06113 0
757.30823 16
757.55533 8
757.80242 8
758.04952 8
758.29662 14
758.54372 6
758.79082 14
759.03792 9
759.28502 9
759.53212 13
759.77921 13
760.02631 12
760.27341 5
760.52051 14
760.76761 8
761.01471 12
761.26181 14
761.50891 11
761.75600 8
762.00310 15
762.25020 5
762.49730 15
762.74440 12
762.99150 15
763.23860 12
763.48570 15
763.73279 16
763.97989 11
764.22699 5
764.47409 11
764.72119 9
764.96829 12
765.21539 16
765.46248 11
765.70958 10
765.95668 6
766.20378 12
766.45088 9
766.69798 17
766.94508 8
767.19218 12
767.43927 8
767.68637 10
767.93347 4
768.18057 10
768.42767 12
768.67477 11
768.92187 13
769.16897 14
769.41606 9
769.66316 12
769.91026 19
770.15736 14
770.40446 13
770.65156 10
770.89866 16
771.14576 10
771.39285 15
771.63995 11
771.88705 8
772.13415 16
772.38125 12
772.62835 11
772.87545 7
773.12254 5
773.36964 16
773.61674 12
773.86384 7
774.11094 6
774.35804 10
774.60514 12
774.85224 4
775.09933 6
775.34643 14
775.59353 16
775.84063 9
776.08773 9
776.33483 16
776.58193 12
776.82903 8
777.07612 13
777.32322 14
777.57032 12
777.81742 6
778.06452 8
778.31162 14
778.55872 15
778.80582 8
779.05291 13
779.30001 12
779.54711 16
779.79421 11
780.04131 15
780.28841 16
780.53551 8
780.78261 11
781.02970 9
781.27680 10
781.52390 10
781.77100 9
782.01810 12
782.26520 7
782.51230 12
782.75939 10
783.00649 14
783.25359 12
783.50069 14
783.74779 10
783.99489 7
784.24199 16
784.48909 11
784.73618 5
784.98328 7
785.23038 13
785.47748 9
785.72458 9
785.97168 11
786.21878 8
786.46588 10
786.71297 14
786.96007 8
787.20717 12
787.45427 11
787.70137 9
787.94847 13
788.19557 14
788.44267 8
788.68976 16
788.93686 8
789.18396 7
789.43106 11
789.67816 7
789.92526 16
790.17236 15
790.41945 8
790.66655 7
790.91365 11
791.16075 16
791.40785 15
791.65495 11
791.90205 14
792.14915 6
792.39624 10
792.64334 8
792.89044 10
793.13754 7
793.38464 12
793.63174 11
793.87884 11
794.12594 8
794.37303 6
794.62013 13
794.86723 10
795.11433 13
795.36143 7
795.60853 4
795.85563 13
796.10273 12
796.34982 15
796.59692 12
796.84402 9
797.09112 11
797.33822 12
797.58532 15
797.83242 15
798.07952 9
798.32661 19
798.57371 7
798.82081 9
799.06791 10
799.31501 10
799.56211 15
799.80921 12
800.05630 15
800.30340 11
800.55050 9
800.79760 8
801.04470 12
801.29180 7
801.53890 11
801.78600 12
802.03309 8
802.28019 12
802.52729 10
802.77439 13
803.02149 7
803.26859 11
803.51569 7
803.76279 18
804.00988 7
804.25698 15
804.50408 11
804.75118 10
804.99828 10
805.24538 12
805.49248 15
805.73958 11
805.98667 14
806.23377 10
806.48087 9
806.72797 16
806.97507 12
807.22217 11
807.46927 7
807.71636 8
807.96346 13
808.21056 13
808.45766 13
808.70476 11
808.95186 12
809.19896 9
809.44606 12
809.69315 15
809.94025 11
810.18735 11
810.43445 13
810.68155 15
810.92865 9
811.17575 12
811.42285 12
811.66994 7
811.91704 12
812.16414 15
812.41124 5
812.65834 7
812.90544 6
813.15254 12
813.39964 14
813.64673 13
813.89383 17
814.14093 13
814.38803 17
814.63513 12
814.88223 7
815.12933 6
815.37643 12
815.62352 9
815.87062 11
816.11772 6
816.36482 8
816.61192 6
816.85902 16
817.10612 11
817.35321 7
817.60031 9
817.84741 9
818.09451 10
818.34161 14
818.58871 6
818.83581 6
819.08291 6
819.33000 10
819.57710 12
819.82420 7
820.07130 8
820.31840 9
820.56550 9
820.81260 9
821.05970 10
821.30679 5
821.55389 10
821.80099 9
822.04809 5
822.29519 18
822.54229 7
822.78939 12
823.03649 7
823.28358 15
823.53068 17
823.77778 5
824.02488 5
824.27198 9
824.51908 12
824.76618 10
825.01327 10
825.26037 11
825.50747 15
825.75457 11
826.00167 21
826.24877 10
826.49587 10
826.74297 10
826.99006 9
827.23716 13
827.48426 11
827.73136 11
827.97846 9
828.22556 7
828.47266 10
828.71976 12
828.96685 13
829.21395 11
829.46105 10
829.70815 4
829.95525 12
830.20235 15
830.44945 7
830.69655 14
830.94364 10
831.19074 21
831.43784 10
831.68494 8
831.93204 9
832.17914 6
832.42624 9
832.67334 12
832.92043 12
833.16753 19
833.41463 7
833.66173 4
833.90883 10
834.15593 14
834.40303 14
834.65012 9
834.89722 9
835.14432 10
835.39142 11
835.63852 9
835.88562 11
836.13272 5
836.37982 20
836.62691 10
836.87401 10
837.12111 7
837.36821 10
837.61531 16
837.86241 10
838.10951 7
838.35661 10
838.60370 16
838.85080 11
839.09790 12
839.34500 12
839.59210 11
839.83920 9
840.08630 9
840.33340 11
840.58049 14
840.82759 11
841.07469 11
841.32179 19
841.56889 7
841.81599 7
842.06309 9
842.31018 7
842.55728 9
842.80438 11
843.05148 15
843.29858 18
843.54568 11
843.79278 15
844.03988 11
844.28697 5
844.53407 6
844.78117 11
845.02827 20
845.27537 8
845.52247 11
845.76957 11
846.01667 7
846.26376 8
846.51086 15
846.75796 11
847.00506 6
847.25216 7
847.49926 14
847.74636 13
847.99346 9
848.24055 7
848.48765 12
848.73475 12
848.98185 9
849.22895 12
849.47605 8
849.72315 7
849.97025 12
850.21734 15
850.46444 15
850.71154 9
850.95864 11
851.20574 11
851.45284 5
851.69994 14
851.94703 15
852.19413 12
852.44123 12
852.68833 13
852.93543 8
853.18253 16
853.42963 8
853.67673 8
853.92382 8
854.17092 10
854.41802 8
854.66512 8
854.91222 10
855.15932 6
855.40642 15
855.65352 11
855.90061 14
856.14771 8
856.39481 19
856.64191 13
856.88901 6
857.13611 16
857.38321 12
857.63031 12
857.87740 9
858.12450 6
858.37160 16
858.61870 13
858.86580 8
859.11290 12
859.36000 15
859.60709 11
859.85419 17
860.10129 12
860.34839 6
860.59549 13
860.84259 10
861.08969 13
861.33679 13
861.58388 12
861.83098 15
862.07808 10
862.32518 16
862.57228 8
862.81938 12
863.06648 13
863.31358 10
863.56067 9
863.80777 9
864.05487 10
864.30197 9
864.54907 8
864.79617 8
865.04327 7
865.29037 10
865.53746 14
865.78456 5
866.03166 8
866.27876 10
866.52586 9
866.77296 14
867.02006 6
867.26716 18
867.51425 10
867.76135 6
868.00845 12
868.25555 8
868.50265 11
868.74975 8
868.99685 11
869.24394 7
869.49104 10
869.73814 7
869.98524 15
870.23234 15
870.47944 9
870.72654 15
870.97364 10
871.22073 10
871.46783 8
871.71493 11
871.96203 9
872.20913 8
872.45623 13
872.70333 7
872.95043 4
873.19752 8
873.44462 7
873.69172 15
873.93882 8
874.18592 15
874.43302 7
874.68012 12
874.92722 12
875.17431 7
875.42141 5
875.66851 18
875.91561 13
876.16271 12
876.40981 8
876.65691 17
876.90400 11
877.15110 12
877.39820 15
877.64530 12
877.89240 17
878.13950 8
878.38660 10
878.63370 9
878.88079 8
879.12789 17
879.37499 10
879.62209 7
879.86919 15
880.11629 17
880.36339 11
880.61049 15
880.85758 11
881.10468 9
881.35178 11
881.59888 10
881.84598 11
882.09308 8
882.34018 13
882.58728 13
882.83437 17
883.08147 5
883.32857 8
883.57567 12
883.82277 14
884.06987 8
884.31697 15
884.56407 12
884.81116 18
885.05826 10
885.30536 12
885.55246 8
885.79956 11
886.04666 8
886.29376 18
886.54085 6
886.78795 11
887.03505 12
887.28215 6
887.52925 12
887.77635 13
888.02345 9
888.27055 12
888.51764 15
888.76474 11
889.01184 12
889.25894 8
889.50604 7
889.75314 9
890.00024 16
890.24734 14
890.49443 5
890.74153 12
890.98863 13
891.23573 8
891.48283 8
891.72993 4
891.97703 12
892.22413 11
892.47122 12
892.71832 6
892.96542 9
893.21252 11
893.45962 13
893.70672 15
893.95382 10
894.20091 14
894.44801 18
894.69511 4
894.94221 4
895.18931 10
895.43641 17
895.68351 10
895.93061 11
896.17770 16
896.42480 7
896.67190 17
896.91900 7
897.16610 6
897.41320 5
897.66030 9
897.90740 12
898.15449 5
898.40159 10
898.64869 10
898.89579 11
899.14289 11
899.38999 14
899.63709 15
899.88419 15
900.13128 8
900.37838 17
900.62548 16
900.87258 10
901.11968 8
901.36678 10
901.61388 11
901.86098 12
902.10807 10
902.35517 10
902.60227 11
902.84937 10
903.09647 12
903.34357 8
903.59067 20
903.83776 10
904.08486 13
904.33196 10
904.57906 10
904.82616 18
905.07326 13
905.32036 15
905.56746 10
905.81455 13
906.06165 4
906.30875 12
906.55585 11
906.80295 6
907.05005 9
907.29715 9
907.54425 16
907.79134 10
908.03844 10
908.28554 10
908.53264 11
908.77974 11
909.02684 6
909.27394 9
909.52104 14
909.76813 9
910.01523 11
910.26233 9
910.50943 7
910.75653 11
911.00363 14
911.25073 10
911.49782 4
911.74492 9
911.99202 14
912.23912 20
912.48622 9
912.73332 7
912.98042 12
913.22752 6
913.47461 12
913.72171 9
913.96881 21
914.21591 13
914.46301 10
914.71011 12
914.95721 6
915.20431 10
915.45140 14
915.69850 14
915.94560 8
916.19270 12
916.43980 20
916.68690 16
916.93400 16
917.18110 18
917.42819 14
917.67529 12
917.92239 14
918.16949 5
918.41659 6
918.66369 5
918.91079 14
919.15789 9
919.40498 9
919.65208 15
919.89918 12
920.14628 14
920.39338 9
920.64048 13
920.88758 12
921.13467 9
921.38177 8
921.62887 8
921.87597 9
922.12307 16
922.37017 12
922.61727 10
922.86437 14
923.11146 14
923.35856 13
923.60566 6
923.85276 8
924.09986 20
924.34696 6
924.59406 12
924.84116 14
925.08825 9
925.33535 14
925.58245 10
925.82955 6
926.07665 14
926.32375 14
926.57085 14
926.81795 8
927.06504 15
927.31214 15
927.55924 15
927.80634 12
928.05344 11
928.30054 17
928.54764 13
928.79473 8
929.04183 11
929.28893 6
929.53603 20
929.78313 10
930.03023 13
930.27733 6
930.52443 11
930.77152 14
931.01862 12
931.26572 9
931.51282 8
931.75992 14
932.00702 9
932.25412 16
932.50122 18
932.74831 8
932.99541 8
933.24251 10
933.48961 15
933.73671 6
933.98381 7
934.23091 10
934.47801 11
934.72510 18
934.97220 13
935.21930 15
935.46640 13
935.71350 8
935.96060 10
936.20770 8
936.45480 14
936.70189 16
936.94899 5
937.19609 11
937.44319 8
937.69029 17
937.93739 12
938.18449 13
938.43158 17
938.67868 6
938.92578 7
939.17288 8
939.41998 7
939.66708 13
939.91418 13
940.16128 9
940.40837 11
940.65547 13
940.90257 13
941.14967 5
941.39677 10
941.64387 12
941.89097 12
942.13807 15
942.38516 15
942.63226 11
942.87936 15
943.12646 12
943.37356 11
943.62066 10
943.86776 16
944.11486 10
944.36195 10
944.60905 12
944.85615 15
945.10325 15
945.35035 11
945.59745 10
945.84455 10
946.09164 6
946.33874 12
946.58584 7
946.83294 12
947.08004 10
947.32714 10
947.57424 10
947.82134 15
948.06843 5
948.31553 11
948.56263 9
948.80973 12
949.05683 14
949.30393 8
949.55103 16
949.79813 12
950.04522 6
950.29232 8
950.53942 10
950.78652 8
951.03362 12
951.28072 12
951.52782 17
951.77492 16
952.02201 11
952.26911 13
952.51621 9
952.76331 9
953.01041 15
953.25751 8
953.50461 18
953.75171 14
953.99880 21
954.24590 9
954.49300 6
954.74010 16
954.98720 13
955.23430 15
955.48140 9
955.72849 10
955.97559 9
956.22269 18
956.46979 12
956.71689 10
956.96399 17
957.21109 8
957.45819 9
957.70528 11
957.95238 13
958.19948 15
958.44658 11
958.69368 10
958.94078 6
959.18788 5
959.43498 9
959.68207 10
959.92917 11
960.17627 12
960.42337 13
960.67047 11
960.91757 11
961.16467 15
961.41177 10
961.65886 16
961.90596 15
962.15306 11
962.40016 10
962.64726 16
962.89436 12
963.14146 12
963.38855 4
963.63565 10
963.88275 17
964.12985 7
964.37695 8
964.62405 16
964.87115 8
965.11825 16
965.36534 18
965.61244 10
965.85954 15
966.10664 12
966.35374 14
966.60084 17
966.84794 13
967.09504 14
967.34213 13
967.58923 10
967.83633 12
968.08343 7
968.33053 10
968.57763 9
968.82473 12
969.07183 14
969.31892 13
969.56602 7
969.81312 11
970.06022 12
970.30732 13
970.55442 8
970.80152 8
971.04862 18
971.29571 11
971.54281 8
971.78991 14
972.03701 14
972.28411 10
972.53121 8
972.77831 12
973.02540 14
973.27250 6
973.51960 6
973.76670 8
974.01380 8
974.26090 7
974.50800 12
974.75510 11
975.00219 17
975.24929 16
975.49639 11
975.74349 8
975.99059 18
976.23769 11
976.48479 9
976.73189 11
976.97898 12
977.22608 4
977.47318 12
977.72028 14
977.96738 9
978.21448 8
978.46158 13
978.70868 16
978.95577 9
979.20287 13
979.44997 11
979.69707 10
979.94417 9
980.19127 18
980.43837 11
980.68546 12
980.93256 11
981.17966 8
981.42676 14
981.67386 11
981.92096 16
982.16806 6
982.41516 14
982.66225 16
982.90935 18
983.15645 7
983.40355 15
983.65065 12
983.89775 12
984.14485 9
984.39195 9
984.63904 13
984.88614 10
985.13324 6
985.38034 8
985.62744 9
985.87454 13
986.12164 8
986.36874 9
986.61583 7
986.86293 6
987.11003 16
987.35713 7
987.60423 12
987.85133 9
988.09843 8
988.34553 10
988.59262 16
988.83972 5
989.08682 13
989.33392 11
989.58102 5
989.82812 12
990.07522 11
990.32231 14
990.56941 11
990.81651 8
991.06361 14
991.31071 11
991.55781 13
991.80491 16
992.05201 10
992.29910 10
992.54620 10
992.79330 13
993.04040 15
993.28750 12
993.53460 13
993.78170 10
994.02880 11
994.27589 13
994.52299 11
994.77009 10
995.01719 12
995.26429 16
995.51139 13
995.75849 10
996.00559 13
996.25268 7
996.49978 10
996.74688 7
996.99398 14
997.24108 12
997.48818 10
997.73528 4
997.98237 13
998.22947 11
998.47657 11
998.72367 9
998.97077 9
999.21787 7
999.46497 6
999.71207 16
999.95916 9
1000.20626 10
1000.45336 9
1000.70046 12
1000.94756 5
1001.19466 8
1001.44176 14
1001.68886 8
1001.93595 10
1002.18305 13
1002.43015 10
