# subtracted counts
1.00000 0
2.00000 0
3.00000 0
4.00000 0
5.00000 0
6.00000 0
7.00000 0
8.00000 0
9.00000 0
10.00000 0
11.00000 0
12.00000 0
13.00000 0
14.00000 0
15.00000 0
16.00000 0
17.00000 0
18.00000 0
19.00000 0
20.00000 0
21.00000 0
22.00000 0
23.00000 0
24.00000 0
25.00000 0
26.00000 0
27.00000 0
28.00000 0
29.00000 0
30.00000 0
31.00000 0
32.00000 0
33.00000 0
34.00000 0
35.00000 0
36.00000 0
37.00000 0
38.00000 0
39.00000 0
40.00000 0
41.00000 0
42.00000 30
43.00000 98
44.00000 77
45.00000 88
46.00000 75
47.00000 68
48.00000 75
49.00000 50
50.00000 69
51.00000 50
52.00000 58
53.00000 70
54.00000 68
55.00000 73
56.00000 56
57.00000 61
58.00000 60
59.00000 60
60.00000 71
61.00000 77
62.00000 76
63.00000 63
64.00000 66
65.00000 57
66.00000 56
67.00000 77
68.00000 55
69.00000 68
70.00000 49
71.00000 58
72.00000 55
73.00000 74
74.00000 70
75.00000 65
76.00000 69
77.00000 67
78.00000 66
79.00000 64
80.00000 77
81.00000 59
82.00000 66
83.00000 71
84.00000 51
85.00000 75
86.00000 62
87.00000 79
88.00000 81
89.00000 46
90.00000 58
91.00000 54
92.00000 54
93.00000 74
94.00000 73
95.00000 79
96.00000 80
97.00000 74
98.00000 69
99.00000 66
100.00000 74
101.00000 64
102.00000 95
103.00000 70
104.00000 89
105.00000 64
106.00000 88
107.00000 72
108.00000 81
109.00000 93
110.00000 82
111.00000 97
112.00000 100
113.00000 109
114.00000 135
115.00000 103
116.00000 133
117.00000 154
118.00000 154
119.00000 180
120.00000 199
121.00000 207
122.00000 235
123.00000 254
124.00000 311
125.00000 317
126.00000 380
127.00000 426
128.00000 465
129.00000 542
130.00000 657
131.00000 734
132.00000 854
133.00000 976
134.00000 1104
135.00000 1226
136.00000 1520
137.00000 1677
138.00000 1900
139.00000 2083
140.00000 2327
141.00000 2558
142.00000 2860
143.00000 3039
144.00000 3368
145.00000 3523
146.00000 3721
147.00000 4003
148.00000 4061
149.00000 4118
150.00000 4101
151.00000 3951
152.00000 3971
153.00000 3737
154.00000 3653
155.00000 3399
156.00000 3198
157.00000 2939
158.00000 2736
159.00000 2523
160.00000 2302
161.00000 1994
162.00000 1785
163.00000 1709
164.00000 1553
165.00000 1374
166.00000 1323
167.00000 1264
168.00000 1161
169.00000 1052
170.00000 983
171.00000 935
172.00000 907
173.00000 791
174.00000 669
175.00000 694
176.00000 617
177.00000 577
178.00000 523
179.00000 415
180.00000 411
181.00000 322
182.00000 282
183.00000 234
184.00000 210
185.00000 178
186.00000 170
187.00000 123
188.00000 102
189.00000 69
190.00000 66
191.00000 68
192.00000 68
193.00000 50
194.00000 43
195.00000 71
196.00000 30
197.00000 40
198.00000 41
199.00000 12
200.00000 45
201.00000 28
202.00000 24
203.00000 31
204.00000 49
205.00000 26
206.00000 26
207.00000 26
208.00000 35
209.00000 24
210.00000 36
211.00000 47
212.00000 45
213.00000 41
214.00000 64
215.00000 88
216.00000 54
217.00000 76
218.00000 54
219.00000 80
220.00000 78
221.00000 68
222.00000 103
223.00000 72
224.00000 119
225.00000 130
226.00000 100
227.00000 122
228.00000 149
229.00000 141
230.00000 143
231.00000 136
232.00000 163
233.00000 139
234.00000 172
235.00000 143
236.00000 179
237.00000 178
238.00000 178
239.00000 195
240.00000 224
241.00000 213
242.00000 238
243.00000 209
244.00000 206
245.00000 240
246.00000 197
247.00000 216
248.00000 209
249.00000 231
250.00000 227
251.00000 195
252.00000 193
253.00000 202
254.00000 212
255.00000 179
256.00000 207
257.00000 194
258.00000 179
259.00000 191
260.00000 146
261.00000 174
262.00000 111
263.00000 114
264.00000 136
265.00000 147
266.00000 107
267.00000 123
268.00000 123
269.00000 100
270.00000 111
271.00000 92
272.00000 96
273.00000 90
274.00000 135
275.00000 118
276.00000 109
277.00000 113
278.00000 127
279.00000 121
280.00000 137
281.00000 129
282.00000 132
283.00000 127
284.00000 141
285.00000 142
286.00000 183
287.00000 159
288.00000 178
289.00000 171
290.00000 165
291.00000 189
292.00000 194
293.00000 156
294.00000 194
295.00000 188
296.00000 194
297.00000 185
298.00000 214
299.00000 233
300.00000 216
301.00000 207
302.00000 196
303.00000 240
304.00000 219
305.00000 207
306.00000 232
307.00000 230
308.00000 197
309.00000 217
310.00000 183
311.00000 246
312.00000 212
313.00000 202
314.00000 218
315.00000 190
316.00000 194
317.00000 218
318.00000 198
319.00000 208
320.00000 163
321.00000 204
322.00000 208
323.00000 245
324.00000 229
325.00000 221
326.00000 224
327.00000 234
328.00000 239
329.00000 254
330.00000 257
331.00000 264
332.00000 278
333.00000 310
334.00000 296
335.00000 291
336.00000 314
337.00000 325
338.00000 333
339.00000 381
340.00000 388
341.00000 440
342.00000 454
343.00000 436
344.00000 448
345.00000 483
346.00000 558
347.00000 527
348.00000 513
349.00000 620
350.00000 625
351.00000 649
352.00000 673
353.00000 724
354.00000 789
355.00000 864
356.00000 894
357.00000 935
358.00000 973
359.00000 1003
360.00000 1016
361.00000 1066
362.00000 1193
363.00000 1138
364.00000 1239
365.00000 1274
366.00000 1352
367.00000 1458
368.00000 1434
369.00000 1545
370.00000 1574
371.00000 1604
372.00000 1638
373.00000 1654
374.00000 1679
375.00000 1653
376.00000 1742
377.00000 1756
378.00000 1722
379.00000 1700
380.00000 1712
381.00000 1593
382.00000 1674
383.00000 1548
384.00000 1569
385.00000 1518
386.00000 1521
387.00000 1420
388.00000 1333
389.00000 1235
390.00000 1229
391.00000 1110
392.00000 1001
393.00000 944
394.00000 915
395.00000 833
396.00000 798
397.00000 755
398.00000 672
399.00000 606
400.00000 554
401.00000 470
402.00000 417
403.00000 413
404.00000 362
405.00000 290
406.00000 290
407.00000 269
408.00000 232
409.00000 183
410.00000 177
411.00000 168
412.00000 144
413.00000 136
414.00000 99
415.00000 105
416.00000 86
417.00000 74
418.00000 80
419.00000 85
420.00000 91
421.00000 85
422.00000 56
423.00000 64
424.00000 51
425.00000 70
426.00000 52
427.00000 59
428.00000 75
429.00000 52
430.00000 54
431.00000 45
432.00000 59
433.00000 45
434.00000 58
435.00000 58
436.00000 53
437.00000 57
438.00000 49
439.00000 37
440.00000 61
441.00000 64
442.00000 64
443.00000 61
444.00000 72
445.00000 48
446.00000 64
447.00000 35
448.00000 59
449.00000 77
450.00000 87
451.00000 56
452.00000 60
453.00000 66
454.00000 64
455.00000 55
456.00000 63
457.00000 58
458.00000 68
459.00000 75
460.00000 101
461.00000 70
462.00000 62
463.00000 68
464.00000 66
465.00000 81
466.00000 74
467.00000 80
468.00000 56
469.00000 96
470.00000 55
471.00000 70
472.00000 86
473.00000 79
474.00000 67
475.00000 78
476.00000 73
477.00000 60
478.00000 83
479.00000 82
480.00000 61
481.00000 89
482.00000 79
483.00000 80
484.00000 73
485.00000 79
486.00000 99
487.00000 109
488.00000 94
489.00000 92
490.00000 111
491.00000 97
492.00000 101
493.00000 111
494.00000 116
495.00000 102
496.00000 106
497.00000 118
498.00000 123
499.00000 126
500.00000 155
501.00000 127
502.00000 152
503.00000 126
504.00000 157
505.00000 141
506.00000 152
507.00000 117
508.00000 153
509.00000 168
510.00000 159
511.00000 181
512.00000 157
513.00000 162
514.00000 158
515.00000 158
516.00000 163
517.00000 192
518.00000 176
519.00000 175
520.00000 183
521.00000 185
522.00000 186
523.00000 223
524.00000 162
525.00000 188
526.00000 172
527.00000 194
528.00000 172
529.00000 190
530.00000 193
531.00000 166
532.00000 162
533.00000 168
534.00000 170
535.00000 159
536.00000 137
537.00000 184
538.00000 177
539.00000 162
540.00000 149
541.00000 132
542.00000 149
543.00000 134
544.00000 149
545.00000 131
546.00000 132
547.00000 127
548.00000 109
549.00000 135
550.00000 104
551.00000 100
552.00000 84
553.00000 107
554.00000 124
555.00000 108
556.00000 85
557.00000 114
558.00000 99
559.00000 82
560.00000 83
561.00000 81
562.00000 82
563.00000 82
564.00000 72
565.00000 76
566.00000 65
567.00000 75
568.00000 81
569.00000 73
570.00000 85
571.00000 79
572.00000 80
573.00000 76
574.00000 84
575.00000 75
576.00000 64
577.00000 63
578.00000 77
579.00000 86
580.00000 71
581.00000 89
582.00000 101
583.00000 85
584.00000 76
585.00000 80
586.00000 74
587.00000 69
588.00000 75
589.00000 88
590.00000 64
591.00000 52
592.00000 80
593.00000 62
594.00000 62
595.00000 79
596.00000 68
597.00000 83
598.00000 67
599.00000 80
600.00000 73
601.00000 87
602.00000 77
603.00000 74
604.00000 83
605.00000 81
606.00000 75
607.00000 86
608.00000 77
609.00000 70
610.00000 75
611.00000 72
612.00000 87
613.00000 65
614.00000 91
615.00000 70
616.00000 91
617.00000 78
618.00000 93
619.00000 81
620.00000 84
621.00000 93
622.00000 91
623.00000 94
624.00000 85
625.00000 84
626.00000 88
627.00000 90
628.00000 90
629.00000 88
630.00000 86
631.00000 70
632.00000 101
633.00000 100
634.00000 91
635.00000 97
636.00000 114
637.00000 72
638.00000 89
639.00000 97
640.00000 109
641.00000 90
642.00000 78
643.00000 94
644.00000 85
645.00000 109
646.00000 116
647.00000 81
648.00000 104
649.00000 120
650.00000 94
651.00000 90
652.00000 97
653.00000 105
654.00000 94
655.00000 91
656.00000 91
657.00000 96
658.00000 104
659.00000 108
660.00000 111
661.00000 100
662.00000 114
663.00000 86
664.00000 118
665.00000 105
666.00000 99
667.00000 110
668.00000 100
669.00000 89
670.00000 120
671.00000 133
672.00000 115
673.00000 97
674.00000 120
675.00000 98
676.00000 110
677.00000 109
678.00000 130
679.00000 93
680.00000 107
681.00000 117
682.00000 106
683.00000 115
684.00000 111
685.00000 105
686.00000 119
687.00000 121
688.00000 132
689.00000 107
690.00000 116
691.00000 121
692.00000 119
693.00000 123
694.00000 135
695.00000 129
696.00000 118
697.00000 119
698.00000 135
699.00000 129
700.00000 114
701.00000 103
702.00000 114
703.00000 129
704.00000 115
705.00000 102
706.00000 143
707.00000 120
708.00000 137
709.00000 116
710.00000 105
711.00000 121
712.00000 105
713.00000 114
714.00000 116
715.00000 91
716.00000 111
717.00000 108
718.00000 137
719.00000 96
720.00000 116
721.00000 129
722.00000 97
723.00000 94
724.00000 96
725.00000 104
726.00000 78
727.00000 98
728.00000 95
729.00000 104
730.00000 90
731.00000 115
732.00000 113
733.00000 89
734.00000 120
735.00000 94
736.00000 113
737.00000 108
738.00000 107
739.00000 103
740.00000 89
741.00000 98
742.00000 106
743.00000 104
744.00000 110
745.00000 101
746.00000 100
747.00000 97
748.00000 111
749.00000 96
750.00000 76
751.00000 68
752.00000 98
753.00000 99
754.00000 108
755.00000 106
756.00000 90
757.00000 96
758.00000 75
759.00000 92
760.00000 103
761.00000 94
762.00000 94
763.00000 87
764.00000 91
765.00000 110
766.00000 97
767.00000 103
768.00000 87
769.00000 84
770.00000 85
771.00000 104
772.00000 89
773.00000 79
774.00000 81
775.00000 79
776.00000 92
777.00000 89
778.00000 73
779.00000 94
780.00000 94
781.00000 85
782.00000 105
783.00000 96
784.00000 59
785.00000 82
786.00000 73
787.00000 94
788.00000 81
789.00000 90
790.00000 88
791.00000 75
792.00000 91
793.00000 97
794.00000 77
795.00000 84
796.00000 82
797.00000 86
798.00000 99
799.00000 85
800.00000 95
801.00000 104
802.00000 76
803.00000 77
804.00000 80
805.00000 89
806.00000 93
807.00000 76
808.00000 73
809.00000 72
810.00000 69
811.00000 85
812.00000 78
813.00000 94
814.00000 64
815.00000 93
816.00000 74
817.00000 86
818.00000 70
819.00000 83
820.00000 87
821.00000 90
822.00000 95
823.00000 92
824.00000 87
825.00000 80
826.00000 95
827.00000 85
828.00000 77
829.00000 73
830.00000 75
831.00000 90
832.00000 99
833.00000 94
834.00000 66
835.00000 86
836.00000 78
837.00000 73
838.00000 77
839.00000 102
840.00000 83
841.00000 86
842.00000 68
843.00000 86
844.00000 75
845.00000 62
846.00000 74
847.00000 83
848.00000 73
849.00000 89
850.00000 88
851.00000 77
852.00000 63
853.00000 60
854.00000 74
855.00000 87
856.00000 75
857.00000 80
858.00000 81
859.00000 69
860.00000 73
861.00000 61
862.00000 78
863.00000 79
864.00000 71
865.00000 69
866.00000 64
867.00000 62
868.00000 72
869.00000 82
870.00000 76
871.00000 78
872.00000 51
873.00000 75
874.00000 78
875.00000 72
876.00000 70
877.00000 61
878.00000 82
879.00000 75
880.00000 64
881.00000 56
882.00000 66
883.00000 50
884.00000 50
885.00000 60
886.00000 66
887.00000 63
888.00000 65
889.00000 53
890.00000 68
891.00000 70
892.00000 52
893.00000 54
894.00000 67
895.00000 61
896.00000 52
897.00000 63
898.00000 72
899.00000 52
900.00000 49
901.00000 63
902.00000 67
903.00000 64
904.00000 56
905.00000 63
906.00000 60
907.00000 60
908.00000 61
909.00000 46
910.00000 56
911.00000 73
912.00000 59
913.00000 71
914.00000 65
915.00000 59
916.00000 61
917.00000 74
918.00000 63
919.00000 53
920.00000 66
921.00000 64
922.00000 60
923.00000 70
924.00000 43
925.00000 53
926.00000 59
927.00000 61
928.00000 57
929.00000 75
930.00000 80
931.00000 51
932.00000 61
933.00000 60
934.00000 45
935.00000 67
936.00000 42
937.00000 70
938.00000 67
939.00000 67
940.00000 69
941.00000 64
942.00000 64
943.00000 65
944.00000 68
945.00000 65
946.00000 54
947.00000 69
948.00000 62
949.00000 58
950.00000 61
951.00000 64
952.00000 62
953.00000 59
954.00000 54
955.00000 62
956.00000 42
957.00000 52
958.00000 64
959.00000 59
960.00000 56
961.00000 56
962.00000 58
963.00000 76
964.00000 77
965.00000 45
966.00000 60
967.00000 46
968.00000 65
969.00000 48
970.00000 63
971.00000 49
972.00000 59
973.00000 63
974.00000 57
975.00000 58
976.00000 60
977.00000 50
978.00000 47
979.00000 55
980.00000 59
981.00000 75
982.00000 76
983.00000 57
984.00000 56
985.00000 63
986.00000 60
987.00000 53
988.00000 62
989.00000 53
990.00000 51
991.00000 48
992.00000 69
993.00000 53
994.00000 59
995.00000 61
996.00000 45
997.00000 53
998.00000 55
999.00000 65
1000.00000 81
1001.00000 64
1002.00000 69
1003.00000 47
1004.00000 56
1005.00000 61
1006.00000 57
1007.00000 53
1008.00000 41
1009.00000 42
1010.00000 53
1011.00000 56
1012.00000 56
1013.00000 35
1014.00000 48
1015.00000 50
1016.00000 56
1017.00000 52
1018.00000 61
1019.00000 49
1020.00000 56
1021.00000 45
1022.00000 50
1023.00000 61
1024.00000 48
1025.00000 42
1026.00000 31
1027.00000 49
1028.00000 55
1029.00000 55
1030.00000 40
1031.00000 44
1032.00000 53
1033.00000 61
1034.00000 62
1035.00000 56
1036.00000 54
1037.00000 37
1038.00000 58
1039.00000 48
1040.00000 40
1041.00000 45
1042.00000 45
1043.00000 43
1044.00000 47
1045.00000 45
1046.00000 56
1047.00000 54
1048.00000 47
1049.00000 49
1050.00000 57
1051.00000 46
1052.00000 45
1053.00000 49
1054.00000 58
1055.00000 57
1056.00000 50
1057.00000 45
1058.00000 50
1059.00000 42
1060.00000 48
1061.00000 44
1062.00000 49
1063.00000 39
1064.00000 52
1065.00000 41
1066.00000 43
1067.00000 55
1068.00000 43
1069.00000 46
1070.00000 52
1071.00000 51
1072.00000 47
1073.00000 41
1074.00000 49
1075.00000 49
1076.00000 40
1077.00000 53
1078.00000 51
1079.00000 61
1080.00000 52
1081.00000 61
1082.00000 46
1083.00000 56
1084.00000 54
1085.00000 54
1086.00000 51
1087.00000 59
1088.00000 65
1089.00000 66
1090.00000 69
1091.00000 58
1092.00000 71
1093.00000 69
1094.00000 73
1095.00000 51
1096.00000 57
1097.00000 49
1098.00000 67
1099.00000 52
1100.00000 66
1101.00000 65
1102.00000 74
1103.00000 66
1104.00000 70
1105.00000 61
1106.00000 64
1107.00000 75
1108.00000 60
1109.00000 75
1110.00000 79
1111.00000 54
1112.00000 72
1113.00000 58
1114.00000 59
1115.00000 72
1116.00000 89
1117.00000 75
1118.00000 86
1119.00000 101
1120.00000 83
1121.00000 90
1122.00000 93
1123.00000 80
1124.00000 82
1125.00000 85
1126.00000 82
1127.00000 97
1128.00000 87
1129.00000 83
1130.00000 92
1131.00000 88
1132.00000 95
1133.00000 112
1134.00000 87
1135.00000 92
1136.00000 93
1137.00000 100
1138.00000 97
1139.00000 88
1140.00000 84
1141.00000 124
1142.00000 110
1143.00000 107
1144.00000 115
1145.00000 106
1146.00000 123
1147.00000 108
1148.00000 107
1149.00000 110
1150.00000 110
1151.00000 103
1152.00000 109
1153.00000 109
1154.00000 125
1155.00000 99
1156.00000 120
1157.00000 114
1158.00000 137
1159.00000 108
1160.00000 126
1161.00000 106
1162.00000 116
1163.00000 106
1164.00000 138
1165.00000 114
1166.00000 123
1167.00000 121
1168.00000 119
1169.00000 128
1170.00000 97
1171.00000 116
1172.00000 137
1173.00000 133
1174.00000 115
1175.00000 126
1176.00000 133
1177.00000 104
1178.00000 121
1179.00000 127
1180.00000 131
1181.00000 122
1182.00000 116
1183.00000 120
1184.00000 128
1185.00000 123
1186.00000 128
1187.00000 112
1188.00000 144
1189.00000 134
1190.00000 115
1191.00000 132
1192.00000 127
1193.00000 119
1194.00000 129
1195.00000 129
1196.00000 125
1197.00000 135
1198.00000 140
1199.00000 165
1200.00000 121
1201.00000 143
1202.00000 142
1203.00000 117
1204.00000 129
1205.00000 139
1206.00000 132
1207.00000 141
1208.00000 145
1209.00000 148
1210.00000 131
1211.00000 145
1212.00000 145
1213.00000 108
1214.00000 157
1215.00000 135
1216.00000 134
1217.00000 155
1218.00000 154
1219.00000 142
1220.00000 146
1221.00000 137
1222.00000 175
1223.00000 147
1224.00000 149
1225.00000 163
1226.00000 182
1227.00000 166
1228.00000 161
1229.00000 165
1230.00000 173
1231.00000 171
1232.00000 172
1233.00000 200
1234.00000 180
1235.00000 182
1236.00000 174
1237.00000 182
1238.00000 171
1239.00000 182
1240.00000 183
1241.00000 191
1242.00000 167
1243.00000 192
1244.00000 177
1245.00000 202
1246.00000 173
1247.00000 188
1248.00000 213
1249.00000 219
1250.00000 216
1251.00000 206
1252.00000 197
1253.00000 192
1254.00000 225
1255.00000 196
1256.00000 201
1257.00000 188
1258.00000 211
1259.00000 217
1260.00000 221
1261.00000 195
1262.00000 209
1263.00000 217
1264.00000 221
1265.00000 218
1266.00000 217
1267.00000 222
1268.00000 258
1269.00000 242
1270.00000 209
1271.00000 216
1272.00000 210
1273.00000 225
1274.00000 223
1275.00000 218
1276.00000 190
1277.00000 211
1278.00000 193
1279.00000 217
1280.00000 207
1281.00000 216
1282.00000 227
1283.00000 216
1284.00000 216
1285.00000 204
1286.00000 238
1287.00000 212
1288.00000 228
1289.00000 226
1290.00000 217
1291.00000 213
1292.00000 185
1293.00000 212
1294.00000 231
1295.00000 191
1296.00000 211
1297.00000 208
1298.00000 213
1299.00000 199
1300.00000 183
1301.00000 201
1302.00000 205
1303.00000 213
1304.00000 179
1305.00000 205
1306.00000 188
1307.00000 189
1308.00000 180
1309.00000 206
1310.00000 196
1311.00000 171
1312.00000 170
1313.00000 165
1314.00000 170
1315.00000 197
1316.00000 152
1317.00000 199
1318.00000 170
1319.00000 172
1320.00000 164
1321.00000 173
1322.00000 170
1323.00000 161
1324.00000 174
1325.00000 172
1326.00000 150
1327.00000 139
1328.00000 145
1329.00000 149
1330.00000 118
1331.00000 141
1332.00000 150
1333.00000 133
1334.00000 130
1335.00000 125
1336.00000 137
1337.00000 130
1338.00000 129
1339.00000 115
1340.00000 131
1341.00000 106
1342.00000 114
1343.00000 112
1344.00000 117
1345.00000 111
1346.00000 120
1347.00000 114
1348.00000 127
1349.00000 103
1350.00000 92
1351.00000 107
1352.00000 110
1353.00000 105
1354.00000 104
1355.00000 99
1356.00000 94
1357.00000 99
1358.00000 101
1359.00000 100
1360.00000 75
1361.00000 88
1362.00000 93
1363.00000 103
1364.00000 83
1365.00000 94
1366.00000 85
1367.00000 95
1368.00000 85
1369.00000 101
1370.00000 82
1371.00000 92
1372.00000 100
1373.00000 116
1374.00000 109
1375.00000 90
1376.00000 104
1377.00000 105
1378.00000 99
1379.00000 104
1380.00000 103
1381.00000 116
1382.00000 107
1383.00000 84
1384.00000 122
1385.00000 129
1386.00000 120
1387.00000 119
1388.00000 127
1389.00000 122
1390.00000 134
1391.00000 138
1392.00000 109
1393.00000 127
1394.00000 139
1395.00000 139
1396.00000 145
1397.00000 154
1398.00000 149
1399.00000 166
1400.00000 142
1401.00000 162
1402.00000 172
1403.00000 183
1404.00000 174
1405.00000 168
1406.00000 154
1407.00000 196
1408.00000 183
1409.00000 190
1410.00000 195
1411.00000 192
1412.00000 223
1413.00000 220
1414.00000 221
1415.00000 230
1416.00000 237
1417.00000 232
1418.00000 229
1419.00000 255
1420.00000 235
1421.00000 248
1422.00000 255
1423.00000 285
1424.00000 252
1425.00000 281
1426.00000 287
1427.00000 292
1428.00000 262
1429.00000 262
1430.00000 303
1431.00000 274
1432.00000 313
1433.00000 333
1434.00000 357
1435.00000 329
1436.00000 363
1437.00000 334
1438.00000 332
1439.00000 361
1440.00000 344
1441.00000 369
1442.00000 345
1443.00000 326
1444.00000 316
1445.00000 359
1446.00000 393
1447.00000 400
1448.00000 411
1449.00000 360
1450.00000 363
1451.00000 417
1452.00000 378
1453.00000 374
1454.00000 417
1455.00000 412
1456.00000 416
1457.00000 419
1458.00000 441
1459.00000 430
1460.00000 459
1461.00000 426
1462.00000 442
1463.00000 491
1464.00000 501
1465.00000 452
1466.00000 453
1467.00000 452
1468.00000 476
1469.00000 456
1470.00000 505
1471.00000 463
1472.00000 477
1473.00000 480
1474.00000 511
1475.00000 466
1476.00000 496
1477.00000 501
1478.00000 531
1479.00000 489
1480.00000 453
1481.00000 507
1482.00000 476
1483.00000 576
1484.00000 510
1485.00000 538
1486.00000 505
1487.00000 485
1488.00000 569
1489.00000 514
1490.00000 500
1491.00000 537
1492.00000 519
1493.00000 494
1494.00000 483
1495.00000 519
1496.00000 518
1497.00000 504
1498.00000 507
1499.00000 532
1500.00000 509
1501.00000 559
1502.00000 538
1503.00000 520
1504.00000 507
1505.00000 549
1506.00000 503
1507.00000 493
1508.00000 546
1509.00000 520
1510.00000 528
1511.00000 508
1512.00000 509
1513.00000 494
1514.00000 518
1515.00000 483
1516.00000 503
1517.00000 521
1518.00000 481
1519.00000 488
1520.00000 496
1521.00000 458
1522.00000 477
1523.00000 448
1524.00000 436
1525.00000 446
1526.00000 427
1527.00000 425
1528.00000 427
1529.00000 458
1530.00000 447
1531.00000 414
1532.00000 417
1533.00000 426
1534.00000 424
1535.00000 417
1536.00000 396
1537.00000 431
1538.00000 411
1539.00000 346
1540.00000 403
1541.00000 382
1542.00000 351
1543.00000 366
1544.00000 356
1545.00000 363
1546.00000 320
1547.00000 365
1548.00000 355
1549.00000 376
1550.00000 342
1551.00000 351
1552.00000 273
1553.00000 325
1554.00000 325
1555.00000 288
1556.00000 314
1557.00000 319
1558.00000 312
1559.00000 268
1560.00000 312
1561.00000 302
1562.00000 280
1563.00000 279
1564.00000 289
1565.00000 290
1566.00000 254
1567.00000 233
1568.00000 250
1569.00000 252
1570.00000 231
1571.00000 229
1572.00000 238
1573.00000 261
1574.00000 226
1575.00000 257
1576.00000 248
1577.00000 231
1578.00000 222
1579.00000 207
1580.00000 243
1581.00000 228
1582.00000 214
1583.00000 209
1584.00000 195
1585.00000 212
1586.00000 192
1587.00000 206
1588.00000 213
1589.00000 166
1590.00000 174
1591.00000 196
1592.00000 186
1593.00000 180
1594.00000 189
1595.00000 188
1596.00000 184
1597.00000 176
1598.00000 179
1599.00000 200
1600.00000 183
1601.00000 179
1602.00000 179
1603.00000 171
1604.00000 154
1605.00000 161
1606.00000 174
1607.00000 182
1608.00000 159
1609.00000 163
1610.00000 165
1611.00000 175
1612.00000 173
1613.00000 164
1614.00000 165
1615.00000 171
1616.00000 183
1617.00000 176
1618.00000 164
1619.00000 182
1620.00000 151
1621.00000 159
1622.00000 164
1623.00000 169
1624.00000 152
1625.00000 140
1626.00000 176
1627.00000 142
1628.00000 159
1629.00000 152
1630.00000 140
1631.00000 157
1632.00000 145
1633.00000 164
1634.00000 143
1635.00000 141
1636.00000 142
1637.00000 147
1638.00000 173
1639.00000 142
1640.00000 172
1641.00000 141
1642.00000 139
1643.00000 136
1644.00000 151
1645.00000 134
1646.00000 141
1647.00000 121
1648.00000 154
1649.00000 149
1650.00000 133
1651.00000 123
1652.00000 136
1653.00000 123
1654.00000 118
1655.00000 119
1656.00000 123
1657.00000 149
1658.00000 116
1659.00000 130
1660.00000 127
1661.00000 144
1662.00000 103
1663.00000 135
1664.00000 124
1665.00000 124
1666.00000 121
1667.00000 116
1668.00000 99
1669.00000 126
1670.00000 114
1671.00000 111
1672.00000 117
1673.00000 100
1674.00000 103
1675.00000 117
1676.00000 110
1677.00000 98
1678.00000 112
1679.00000 103
1680.00000 79
1681.00000 87
1682.00000 92
1683.00000 90
1684.00000 123
1685.00000 112
1686.00000 76
1687.00000 85
1688.00000 93
1689.00000 87
1690.00000 69
1691.00000 103
1692.00000 84
1693.00000 74
1694.00000 75
1695.00000 91
1696.00000 81
1697.00000 75
1698.00000 66
1699.00000 79
1700.00000 66
1701.00000 63
1702.00000 67
1703.00000 87
1704.00000 61
1705.00000 72
1706.00000 67
1707.00000 60
1708.00000 51
1709.00000 63
1710.00000 61
1711.00000 60
1712.00000 51
1713.00000 53
1714.00000 63
1715.00000 51
1716.00000 43
1717.00000 46
1718.00000 50
1719.00000 54
1720.00000 49
1721.00000 49
1722.00000 55
1723.00000 52
1724.00000 45
1725.00000 44
1726.00000 62
1727.00000 58
1728.00000 45
1729.00000 42
1730.00000 47
1731.00000 43
1732.00000 49
1733.00000 46
1734.00000 53
1735.00000 37
1736.00000 37
1737.00000 44
1738.00000 41
1739.00000 52
1740.00000 33
1741.00000 28
1742.00000 35
1743.00000 34
1744.00000 34
1745.00000 22
1746.00000 34
1747.00000 32
1748.00000 36
1749.00000 36
1750.00000 43
1751.00000 32
1752.00000 44
1753.00000 38
1754.00000 39
1755.00000 33
1756.00000 36
1757.00000 30
1758.00000 31
1759.00000 28
1760.00000 24
1761.00000 37
1762.00000 31
1763.00000 34
1764.00000 28
1765.00000 35
1766.00000 36
1767.00000 40
1768.00000 42
1769.00000 32
1770.00000 38
1771.00000 28
1772.00000 46
1773.00000 34
1774.00000 42
1775.00000 30
1776.00000 40
1777.00000 28
1778.00000 29
1779.00000 39
1780.00000 35
1781.00000 51
1782.00000 26
1783.00000 37
1784.00000 30
1785.00000 43
1786.00000 31
1787.00000 42
1788.00000 36
1789.00000 34
1790.00000 44
1791.00000 38
1792.00000 30
1793.00000 31
1794.00000 47
1795.00000 34
1796.00000 32
1797.00000 40
1798.00000 41
1799.00000 38
1800.00000 40
1801.00000 44
1802.00000 37
1803.00000 27
1804.00000 54
1805.00000 38
1806.00000 58
1807.00000 48
1808.00000 48
1809.00000 45
1810.00000 49
1811.00000 47
1812.00000 48
1813.00000 41
1814.00000 42
1815.00000 39
1816.00000 36
1817.00000 55
1818.00000 49
1819.00000 40
1820.00000 47
1821.00000 42
1822.00000 44
1823.00000 39
1824.00000 48
1825.00000 52
1826.00000 49
1827.00000 57
1828.00000 52
1829.00000 46
1830.00000 54
1831.00000 54
1832.00000 49
1833.00000 53
1834.00000 56
1835.00000 47
1836.00000 59
1837.00000 52
1838.00000 47
1839.00000 59
1840.00000 57
1841.00000 48
1842.00000 61
1843.00000 49
1844.00000 62
1845.00000 48
1846.00000 46
1847.00000 56
1848.00000 57
1849.00000 66
1850.00000 45
1851.00000 51
1852.00000 45
1853.00000 60
1854.00000 64
1855.00000 43
1856.00000 56
1857.00000 65
1858.00000 64
1859.00000 64
1860.00000 62
1861.00000 56
1862.00000 41
1863.00000 46
1864.00000 55
1865.00000 53
1866.00000 63
1867.00000 55
1868.00000 59
1869.00000 52
1870.00000 55
1871.00000 57
1872.00000 44
1873.00000 43
1874.00000 68
1875.00000 56
1876.00000 65
1877.00000 69
1878.00000 50
1879.00000 46
1880.00000 55
1881.00000 62
1882.00000 53
1883.00000 40
1884.00000 55
1885.00000 47
1886.00000 36
1887.00000 60
1888.00000 49
1889.00000 46
1890.00000 46
1891.00000 53
1892.00000 48
1893.00000 45
1894.00000 41
1895.00000 30
1896.00000 53
1897.00000 32
1898.00000 38
1899.00000 37
1900.00000 49
1901.00000 41
1902.00000 52
1903.00000 39
1904.00000 30
1905.00000 52
1906.00000 42
1907.00000 49
1908.00000 41
1909.00000 48
1910.00000 45
1911.00000 38
1912.00000 37
1913.00000 32
1914.00000 37
1915.00000 29
1916.00000 22
1917.00000 36
1918.00000 45
1919.00000 30
1920.00000 32
1921.00000 31
1922.00000 29
1923.00000 21
1924.00000 23
1925.00000 35
1926.00000 25
1927.00000 28
1928.00000 27
1929.00000 25
1930.00000 33
1931.00000 33
1932.00000 26
1933.00000 28
1934.00000 21
1935.00000 30
1936.00000 21
1937.00000 23
1938.00000 23
1939.00000 27
1940.00000 20
1941.00000 21
1942.00000 14
1943.00000 23
1944.00000 23
1945.00000 18
1946.00000 19
1947.00000 17
1948.00000 18
1949.00000 18
1950.00000 20
1951.00000 21
1952.00000 17
1953.00000 21
1954.00000 27
1955.00000 18
1956.00000 28
1957.00000 15
1958.00000 14
1959.00000 19
1960.00000 21
1961.00000 17
1962.00000 11
1963.00000 15
1964.00000 13
1965.00000 17
1966.00000 13
1967.00000 11
1968.00000 13
1969.00000 13
1970.00000 12
1971.00000 15
1972.00000 14
1973.00000 9
1974.00000 10
1975.00000 14
1976.00000 5
1977.00000 16
1978.00000 12
1979.00000 3
1980.00000 13
1981.00000 8
1982.00000 8
1983.00000 9
1984.00000 12
1985.00000 9
1986.00000 8
1987.00000 12
1988.00000 9
1989.00000 4
1990.00000 13
1991.00000 5
1992.00000 9
1993.00000 5
1994.00000 8
1995.00000 5
1996.00000 6
1997.00000 13
1998.00000 9
1999.00000 5
2000.00000 7
2001.00000 12
2002.00000 8
2003.00000 4
2004.00000 9
2005.00000 6
2006.00000 7
2007.00000 8
2008.00000 6
2009.00000 6
2010.00000 5
2011.00000 5
2012.00000 5
2013.00000 6
2014.00000 5
2015.00000 7
2016.00000 3
2017.00000 6
2018.00000 3
2019.00000 7
2020.00000 6
2021.00000 3
2022.00000 7
2023.00000 4
2024.00000 8
2025.00000 7
2026.00000 5
2027.00000 4
2028.00000 5
2029.00000 5
2030.00000 1
2031.00000 3
2032.00000 4
2033.00000 10
2034.00000 7
2035.00000 6
2036.00000 6
2037.00000 6
2038.00000 6
2039.00000 5
2040.00000 7
2041.00000 7
2042.00000 6
2043.00000 4
2044.00000 8
2045.00000 2
2046.00000 1
2047.00000 6
2048.00000 2
2049.00000 2
2050.00000 3
2051.00000 6
2052.00000 7
2053.00000 2
2054.00000 3
2055.00000 2
2056.00000 4
2057.00000 4
2058.00000 9
2059.00000 1
2060.00000 3
2061.00000 8
2062.00000 1
2063.00000 5
2064.00000 5
2065.00000 5
2066.00000 6
2067.00000 7
2068.00000 5
2069.00000 1
2070.00000 0
2071.00000 1
2072.00000 0
2073.00000 4
2074.00000 1
2075.00000 5
2076.00000 2
2077.00000 0
2078.00000 2
2079.00000 7
2080.00000 4
2081.00000 4
2082.00000 3
2083.00000 2
2084.00000 4
2085.00000 4
2086.00000 6
2087.00000 5
2088.00000 2
2089.00000 3
2090.00000 1
2091.00000 1
2092.00000 1
2093.00000 3
2094.00000 0
2095.00000 4
2096.00000 2
2097.00000 2
2098.00000 4
2099.00000 2
2100.00000 4
2101.00000 5
2102.00000 2
2103.00000 2
2104.00000 1
2105.00000 4
2106.00000 3
2107.00000 3
2108.00000 0
2109.00000 1
2110.00000 0
2111.00000 5
2112.00000 1
2113.00000 4
2114.00000 2
2115.00000 2
2116.00000 0
2117.00000 0
2118.00000 4
2119.00000 0
2120.00000 2
2121.00000 1
2122.00000 1
2123.00000 1
2124.00000 0
2125.00000 5
2126.00000 3
2127.00000 4
2128.00000 2
2129.00000 2
2130.00000 1
2131.00000 0
2132.00000 2
2133.00000 0
2134.00000 1
2135.00000 0
2136.00000 0
2137.00000 0
2138.00000 3
2139.00000 2
2140.00000 1
2141.00000 3
2142.00000 3
2143.00000 1
2144.00000 2
2145.00000 1
2146.00000 0
2147.00000 1
2148.00000 2
2149.00000 0
2150.00000 2
2151.00000 0
2152.00000 0
2153.00000 0
2154.00000 1
2155.00000 0
2156.00000 1
2157.00000 3
2158.00000 1
2159.00000 2
2160.00000 0
2161.00000 1
2162.00000 0
2163.00000 2
2164.00000 0
2165.00000 0
2166.00000 0
2167.00000 0
2168.00000 2
2169.00000 1
2170.00000 0
2171.00000 0
2172.00000 0
2173.00000 2
2174.00000 2
2175.00000 1
2176.00000 2
2177.00000 1
2178.00000 0
2179.00000 1
2180.00000 0
2181.00000 2
2182.00000 0
2183.00000 0
2184.00000 0
2185.00000 0
2186.00000 0
2187.00000 1
2188.00000 1
2189.00000 0
2190.00000 3
2191.00000 0
2192.00000 0
2193.00000 0
2194.00000 0
2195.00000 3
2196.00000 0
2197.00000 1
2198.00000 0
2199.00000 0
2200.00000 2
2201.00000 0
2202.00000 1
2203.00000 3
2204.00000 1
2205.00000 0
2206.00000 2
2207.00000 0
2208.00000 0
2209.00000 2
2210.00000 4
2211.00000 4
2212.00000 0
2213.00000 3
2214.00000 3
2215.00000 2
2216.00000 0
2217.00000 2
2218.00000 1
2219.00000 0
2220.00000 0
2221.00000 0
2222.00000 1
2223.00000 1
2224.00000 1
2225.00000 0
2226.00000 1
2227.00000 0
2228.00000 5
2229.00000 1
2230.00000 2
2231.00000 0
2232.00000 0
2233.00000 2
2234.00000 2
2235.00000 0
2236.00000 0
2237.00000 3
2238.00000 2
2239.00000 0
2240.00000 4
2241.00000 0
2242.00000 0
2243.00000 2
2244.00000 1
2245.00000 1
2246.00000 0
2247.00000 2
2248.00000 0
2249.00000 1
2250.00000 0
2251.00000 0
2252.00000 1
2253.00000 0
2254.00000 0
2255.00000 1
2256.00000 2
2257.00000 4
2258.00000 0
2259.00000 0
2260.00000 2
2261.00000 0
2262.00000 0
2263.00000 0
2264.00000 0
2265.00000 0
2266.00000 2
2267.00000 0
2268.00000 1
2269.00000 0
2270.00000 2
2271.00000 1
2272.00000 1
2273.00000 1
2274.00000 0
2275.00000 0
2276.00000 2
2277.00000 0
2278.00000 0
2279.00000 0
2280.00000 1
2281.00000 1
2282.00000 1
2283.00000 1
2284.00000 2
2285.00000 0
2286.00000 2
2287.00000 4
2288.00000 0
2289.00000 0
2290.00000 0
2291.00000 0
2292.00000 2
2293.00000 0
2294.00000 0
2295.00000 1
2296.00000 1
2297.00000 5
2298.00000 1
2299.00000 1
2300.00000 3
2301.00000 1
2302.00000 0
2303.00000 1
2304.00000 0
2305.00000 0
2306.00000 0
2307.00000 0
2308.00000 0
2309.00000 0
2310.00000 0
2311.00000 3
2312.00000 1
2313.00000 0
2314.00000 0
2315.00000 0
2316.00000 2
2317.00000 1
2318.00000 6
2319.00000 0
2320.00000 0
2321.00000 0
2322.00000 1
2323.00000 0
2324.00000 3
2325.00000 0
2326.00000 2
2327.00000 4
2328.00000 3
2329.00000 2
2330.00000 1
2331.00000 1
2332.00000 2
2333.00000 0
2334.00000 0
2335.00000 3
2336.00000 0
2337.00000 2
2338.00000 0
2339.00000 2
2340.00000 0
2341.00000 2
2342.00000 1
2343.00000 0
2344.00000 0
2345.00000 0
2346.00000 0
2347.00000 0
2348.00000 1
2349.00000 2
2350.00000 2
2351.00000 3
2352.00000 2
2353.00000 0
2354.00000 2
2355.00000 0
2356.00000 2
2357.00000 2
2358.00000 1
2359.00000 2
2360.00000 0
2361.00000 2
2362.00000 0
2363.00000 0
2364.00000 0
2365.00000 0
2366.00000 2
2367.00000 1
2368.00000 0
2369.00000 0
2370.00000 0
2371.00000 1
2372.00000 0
2373.00000 1
2374.00000 3
2375.00000 3
2376.00000 2
2377.00000 0
2378.00000 0
2379.00000 0
2380.00000 1
2381.00000 0
2382.00000 0
2383.00000 0
2384.00000 1
2385.00000 0
2386.00000 4
2387.00000 0
2388.00000 0
2389.00000 1
2390.00000 3
2391.00000 0
2392.00000 3
2393.00000 2
2394.00000 2
2395.00000 0
2396.00000 2
2397.00000 3
2398.00000 0
2399.00000 0
2400.00000 0
2401.00000 0
2402.00000 1
2403.00000 0
2404.00000 1
2405.00000 0
2406.00000 0
2407.00000 1
2408.00000 2
2409.00000 2
2410.00000 0
2411.00000 0
2412.00000 2
2413.00000 1
2414.00000 1
2415.00000 2
2416.00000 1
2417.00000 4
2418.00000 0
2419.00000 0
2420.00000 3
2421.00000 4
2422.00000 2
2423.00000 0
2424.00000 0
2425.00000 0
2426.00000 0
2427.00000 0
2428.00000 2
2429.00000 4
2430.00000 0
2431.00000 0
2432.00000 1
2433.00000 0
2434.00000 1
2435.00000 2
2436.00000 0
2437.00000 1
2438.00000 0
2439.00000 0
2440.00000 0
2441.00000 0
2442.00000 0
2443.00000 1
2444.00000 0
2445.00000 0
2446.00000 0
2447.00000 1
2448.00000 3
2449.00000 3
2450.00000 0
2451.00000 1
2452.00000 3
2453.00000 0
2454.00000 2
2455.00000 0
2456.00000 1
2457.00000 2
2458.00000 1
2459.00000 0
2460.00000 0
2461.00000 1
2462.00000 0
2463.00000 2
2464.00000 1
2465.00000 0
2466.00000 0
2467.00000 0
2468.00000 1
2469.00000 0
2470.00000 0
2471.00000 5
2472.00000 2
2473.00000 0
2474.00000 0
2475.00000 0
2476.00000 1
2477.00000 0
2478.00000 1
2479.00000 0
2480.00000 0
2481.00000 0
2482.00000 4
2483.00000 1
2484.00000 0
2485.00000 1
2486.00000 3
2487.00000 0
2488.00000 0
2489.00000 0
2490.00000 2
2491.00000 2
2492.00000 0
2493.00000 0
2494.00000 0
2495.00000 2
2496.00000 0
2497.00000 0
2498.00000 1
2499.00000 1
2500.00000 1
2501.00000 0
2502.00000 0
2503.00000 2
2504.00000 0
2505.00000 0
2506.00000 2
2507.00000 0
2508.00000 2
2509.00000 1
2510.00000 0
2511.00000 0
2512.00000 3
2513.00000 0
2514.00000 0
2515.00000 1
2516.00000 0
2517.00000 0
2518.00000 0
2519.00000 0
2520.00000 2
2521.00000 2
2522.00000 0
2523.00000 0
2524.00000 0
2525.00000 0
2526.00000 3
2527.00000 0
2528.00000 1
2529.00000 1
2530.00000 3
2531.00000 0
2532.00000 3
2533.00000 0
2534.00000 4
2535.00000 7
2536.00000 1
2537.00000 0
2538.00000 2
2539.00000 1
2540.00000 4
2541.00000 3
2542.00000 2
2543.00000 2
2544.00000 2
2545.00000 0
2546.00000 1
2547.00000 1
2548.00000 0
2549.00000 0
2550.00000 0
2551.00000 0
2552.00000 0
2553.00000 2
2554.00000 2
2555.00000 1
2556.00000 2
2557.00000 0
2558.00000 2
2559.00000 0
2560.00000 1
2561.00000 3
2562.00000 0
2563.00000 0
2564.00000 2
2565.00000 0
2566.00000 2
2567.00000 0
2568.00000 2
2569.00000 0
2570.00000 2
2571.00000 0
2572.00000 1
2573.00000 2
2574.00000 4
2575.00000 0
2576.00000 1
2577.00000 2
2578.00000 0
2579.00000 2
2580.00000 1
2581.00000 3
2582.00000 0
2583.00000 0
2584.00000 0
2585.00000 1
2586.00000 0
2587.00000 3
2588.00000 2
2589.00000 0
2590.00000 1
2591.00000 0
2592.00000 1
2593.00000 2
2594.00000 1
2595.00000 0
2596.00000 1
2597.00000 0
2598.00000 0
2599.00000 4
2600.00000 0
2601.00000 0
2602.00000 0
2603.00000 0
2604.00000 3
2605.00000 1
2606.00000 0
2607.00000 0
2608.00000 6
2609.00000 1
2610.00000 0
2611.00000 3
2612.00000 0
2613.00000 0
2614.00000 3
2615.00000 1
2616.00000 0
2617.00000 1
2618.00000 1
2619.00000 1
2620.00000 0
2621.00000 3
2622.00000 0
2623.00000 1
2624.00000 0
2625.00000 0
2626.00000 2
2627.00000 3
2628.00000 1
2629.00000 3
2630.00000 1
2631.00000 0
2632.00000 0
2633.00000 4
2634.00000 2
2635.00000 0
2636.00000 3
2637.00000 0
2638.00000 1
2639.00000 1
2640.00000 0
2641.00000 0
2642.00000 3
2643.00000 2
2644.00000 0
2645.00000 3
2646.00000 0
2647.00000 4
2648.00000 0
2649.00000 1
2650.00000 1
2651.00000 0
2652.00000 0
2653.00000 0
2654.00000 1
2655.00000 0
2656.00000 0
2657.00000 2
2658.00000 1
2659.00000 0
2660.00000 3
2661.00000 1
2662.00000 0
2663.00000 0
2664.00000 0
2665.00000 1
2666.00000 1
2667.00000 1
2668.00000 1
2669.00000 3
2670.00000 0
2671.00000 0
2672.00000 0
2673.00000 0
2674.00000 0
2675.00000 1
2676.00000 0
2677.00000 1
2678.00000 0
2679.00000 0
2680.00000 4
2681.00000 0
2682.00000 0
2683.00000 0
2684.00000 0
2685.00000 0
2686.00000 0
2687.00000 2
2688.00000 1
2689.00000 0
2690.00000 0
2691.00000 0
2692.00000 2
2693.00000 2
2694.00000 0
2695.00000 0
2696.00000 0
2697.00000 0
2698.00000 0
2699.00000 0
2700.00000 0
2701.00000 0
2702.00000 0
2703.00000 1
2704.00000 0
2705.00000 3
2706.00000 0
2707.00000 1
2708.00000 1
2709.00000 0
2710.00000 0
2711.00000 0
2712.00000 0
2713.00000 1
2714.00000 1
2715.00000 0
2716.00000 1
2717.00000 0
2718.00000 0
2719.00000 0
2720.00000 0
2721.00000 0
2722.00000 0
2723.00000 0
2724.00000 1
2725.00000 0
2726.00000 1
2727.00000 1
2728.00000 1
2729.00000 0
2730.00000 0
2731.00000 0
2732.00000 0
2733.00000 2
2734.00000 0
2735.00000 0
2736.00000 2
2737.00000 0
2738.00000 0
2739.00000 1
2740.00000 0
2741.00000 1
2742.00000 0
2743.00000 1
2744.00000 0
2745.00000 0
2746.00000 0
2747.00000 0
2748.00000 0
2749.00000 0
2750.00000 1
2751.00000 1
2752.00000 0
2753.00000 0
2754.00000 0
2755.00000 0
2756.00000 1
2757.00000 0
2758.00000 4
2759.00000 0
2760.00000 0
2761.00000 0
2762.00000 1
2763.00000 0
2764.00000 0
2765.00000 0
2766.00000 0
2767.00000 0
2768.00000 0
2769.00000 0
2770.00000 0
2771.00000 1
2772.00000 0
2773.00000 0
2774.00000 1
2775.00000 0
2776.00000 0
2777.00000 0
2778.00000 0
2779.00000 0
2780.00000 0
2781.00000 0
2782.00000 0
2783.00000 0
2784.00000 0
2785.00000 0
2786.00000 1
2787.00000 0
2788.00000 0
2789.00000 0
2790.00000 3
2791.00000 0
2792.00000 0
2793.00000 0
2794.00000 0
2795.00000 0
2796.00000 0
2797.00000 0
2798.00000 0
2799.00000 0
2800.00000 0
2801.00000 0
2802.00000 0
2803.00000 0
2804.00000 0
2805.00000 1
2806.00000 0
2807.00000 0
2808.00000 0
2809.00000 0
2810.00000 0
2811.00000 0
2812.00000 0
2813.00000 1
2814.00000 0
2815.00000 0
2816.00000 0
2817.00000 1
2818.00000 2
2819.00000 0
2820.00000 0
2821.00000 1
2822.00000 0
2823.00000 0
2824.00000 0
2825.00000 0
2826.00000 0
2827.00000 2
2828.00000 3
2829.00000 0
2830.00000 2
2831.00000 1
2832.00000 0
2833.00000 0
2834.00000 0
2835.00000 0
2836.00000 4
2837.00000 0
2838.00000 3
2839.00000 0
2840.00000 0
2841.00000 0
2842.00000 0
2843.00000 0
2844.00000 0
2845.00000 0
2846.00000 0
2847.00000 0
2848.00000 0
2849.00000 0
2850.00000 0
2851.00000 1
2852.00000 0
2853.00000 4
2854.00000 0
2855.00000 0
2856.00000 0
2857.00000 1
2858.00000 0
2859.00000 0
2860.00000 0
2861.00000 1
2862.00000 0
2863.00000 0
2864.00000 0
2865.00000 0
2866.00000 0
2867.00000 0
2868.00000 0
2869.00000 2
2870.00000 0
2871.00000 1
2872.00000 0
2873.00000 1
2874.00000 0
2875.00000 0
2876.00000 0
2877.00000 2
2878.00000 0
2879.00000 0
2880.00000 0
2881.00000 0
2882.00000 0
2883.00000 3
2884.00000 0
2885.00000 0
2886.00000 1
2887.00000 0
2888.00000 0
2889.00000 0
2890.00000 0
2891.00000 0
2892.00000 3
2893.00000 0
2894.00000 3
2895.00000 2
2896.00000 3
2897.00000 1
2898.00000 0
2899.00000 0
2900.00000 0
2901.00000 2
2902.00000 2
2903.00000 1
2904.00000 0
2905.00000 2
2906.00000 2
2907.00000 2
2908.00000 1
2909.00000 0
2910.00000 1
2911.00000 2
2912.00000 0
2913.00000 3
2914.00000 0
2915.00000 3
2916.00000 3
2917.00000 2
2918.00000 2
2919.00000 0
2920.00000 1
2921.00000 0
2922.00000 0
2923.00000 1
2924.00000 0
2925.00000 1
2926.00000 0
2927.00000 0
2928.00000 0
2929.00000 2
2930.00000 1
2931.00000 2
2932.00000 0
2933.00000 0
2934.00000 1
2935.00000 0
2936.00000 0
2937.00000 0
2938.00000 0
2939.00000 0
2940.00000 1
2941.00000 2
2942.00000 2
2943.00000 0
2944.00000 1
2945.00000 0
2946.00000 2
2947.00000 1
2948.00000 0
2949.00000 2
2950.00000 0
2951.00000 0
2952.00000 0
2953.00000 2
2954.00000 2
2955.00000 0
2956.00000 2
2957.00000 1
2958.00000 3
2959.00000 1
2960.00000 0
2961.00000 2
2962.00000 0
2963.00000 0
2964.00000 1
2965.00000 0
2966.00000 0
2967.00000 0
2968.00000 1
2969.00000 0
2970.00000 0
2971.00000 0
2972.00000 0
2973.00000 0
2974.00000 0
2975.00000 1
2976.00000 0
2977.00000 2
2978.00000 0
2979.00000 0
2980.00000 1
2981.00000 0
2982.00000 0
2983.00000 0
2984.00000 0
2985.00000 1
2986.00000 1
2987.00000 1
2988.00000 1
2989.00000 1
2990.00000 0
2991.00000 2
2992.00000 0
2993.00000 1
2994.00000 0
2995.00000 0
2996.00000 0
2997.00000 2
2998.00000 0
2999.00000 0
3000.00000 2
3001.00000 1
3002.00000 2
3003.00000 0
3004.00000 3
3005.00000 1
3006.00000 0
3007.00000 0
3008.00000 1
3009.00000 2
3010.00000 2
3011.00000 0
3012.00000 0
3013.00000 1
3014.00000 0
3015.00000 1
3016.00000 2
3017.00000 1
3018.00000 1
3019.00000 0
3020.00000 0
3021.00000 0
3022.00000 0
3023.00000 0
3024.00000 0
3025.00000 0
3026.00000 0
3027.00000 0
3028.00000 0
3029.00000 3
3030.00000 0
3031.00000 2
3032.00000 0
3033.00000 4
3034.00000 0
3035.00000 0
3036.00000 1
3037.00000 0
3038.00000 2
3039.00000 0
3040.00000 1
3041.00000 0
3042.00000 0
3043.00000 0
3044.00000 1
3045.00000 0
3046.00000 0
3047.00000 0
3048.00000 0
3049.00000 0
3050.00000 0
3051.00000 0
3052.00000 1
3053.00000 0
3054.00000 0
3055.00000 0
3056.00000 1
3057.00000 1
3058.00000 0
3059.00000 0
3060.00000 1
3061.00000 0
3062.00000 0
3063.00000 3
3064.00000 0
3065.00000 1
3066.00000 1
3067.00000 0
3068.00000 0
3069.00000 2
3070.00000 2
3071.00000 0
3072.00000 1
3073.00000 2
3074.00000 1
3075.00000 1
3076.00000 0
3077.00000 1
3078.00000 1
3079.00000 0
3080.00000 4
3081.00000 1
3082.00000 0
3083.00000 1
3084.00000 0
3085.00000 0
3086.00000 0
3087.00000 0
3088.00000 2
3089.00000 0
3090.00000 0
3091.00000 0
3092.00000 0
3093.00000 3
3094.00000 2
3095.00000 2
3096.00000 0
3097.00000 2
3098.00000 0
3099.00000 0
3100.00000 1
3101.00000 1
3102.00000 0
3103.00000 0
3104.00000 2
3105.00000 0
3106.00000 1
3107.00000 0
3108.00000 0
3109.00000 0
3110.00000 0
3111.00000 0
3112.00000 1
3113.00000 0
3114.00000 0
3115.00000 1
3116.00000 0
3117.00000 2
3118.00000 0
3119.00000 1
3120.00000 0
3121.00000 0
3122.00000 1
3123.00000 0
3124.00000 2
3125.00000 0
3126.00000 2
3127.00000 0
3128.00000 3
3129.00000 1
3130.00000 0
3131.00000 2
3132.00000 3
3133.00000 2
3134.00000 0
3135.00000 0
3136.00000 0
3137.00000 0
3138.00000 1
3139.00000 0
3140.00000 0
3141.00000 1
3142.00000 3
3143.00000 0
3144.00000 0
3145.00000 0
3146.00000 1
3147.00000 0
3148.00000 1
3149.00000 0
3150.00000 0
3151.00000 1
3152.00000 1
3153.00000 1
3154.00000 0
3155.00000 1
3156.00000 0
3157.00000 1
3158.00000 1
3159.00000 0
3160.00000 0
3161.00000 1
3162.00000 0
3163.00000 0
3164.00000 1
3165.00000 0
3166.00000 1
3167.00000 1
3168.00000 0
3169.00000 3
3170.00000 0
3171.00000 1
3172.00000 0
3173.00000 0
3174.00000 0
3175.00000 2
3176.00000 2
3177.00000 1
3178.00000 0
3179.00000 0
3180.00000 1
3181.00000 0
3182.00000 0
3183.00000 0
3184.00000 0
3185.00000 3
3186.00000 1
3187.00000 0
3188.00000 1
3189.00000 0
3190.00000 0
3191.00000 0
3192.00000 0
3193.00000 1
3194.00000 0
3195.00000 1
3196.00000 0
3197.00000 2
3198.00000 2
3199.00000 0
3200.00000 1
3201.00000 0
3202.00000 0
3203.00000 1
3204.00000 3
3205.00000 0
3206.00000 0
3207.00000 4
3208.00000 1
3209.00000 2
3210.00000 0
3211.00000 0
3212.00000 0
3213.00000 0
3214.00000 0
3215.00000 0
3216.00000 0
3217.00000 0
3218.00000 2
3219.00000 0
3220.00000 0
3221.00000 0
3222.00000 0
3223.00000 0
3224.00000 0
3225.00000 0
3226.00000 1
3227.00000 1
3228.00000 5
3229.00000 0
3230.00000 0
3231.00000 0
3232.00000 0
3233.00000 1
3234.00000 0
3235.00000 0
3236.00000 0
3237.00000 0
3238.00000 0
3239.00000 0
3240.00000 0
3241.00000 1
3242.00000 0
3243.00000 1
3244.00000 0
3245.00000 1
3246.00000 0
3247.00000 1
3248.00000 1
3249.00000 0
3250.00000 0
3251.00000 3
3252.00000 1
3253.00000 0
3254.00000 0
3255.00000 0
3256.00000 1
3257.00000 0
3258.00000 0
3259.00000 0
3260.00000 1
3261.00000 0
3262.00000 0
3263.00000 0
3264.00000 0
3265.00000 2
3266.00000 1
3267.00000 0
3268.00000 1
3269.00000 2
3270.00000 2
3271.00000 1
3272.00000 0
3273.00000 1
3274.00000 0
3275.00000 0
3276.00000 0
3277.00000 0
3278.00000 3
3279.00000 2
3280.00000 0
3281.00000 0
3282.00000 0
3283.00000 2
3284.00000 0
3285.00000 0
3286.00000 0
3287.00000 1
3288.00000 0
3289.00000 0
3290.00000 0
3291.00000 2
3292.00000 0
3293.00000 0
3294.00000 2
3295.00000 1
3296.00000 1
3297.00000 0
3298.00000 0
3299.00000 2
3300.00000 0
3301.00000 0
3302.00000 6
3303.00000 0
3304.00000 1
3305.00000 0
3306.00000 0
3307.00000 0
3308.00000 1
3309.00000 0
3310.00000 0
3311.00000 0
3312.00000 0
3313.00000 0
3314.00000 0
3315.00000 0
3316.00000 0
3317.00000 0
3318.00000 0
3319.00000 0
3320.00000 0
3321.00000 0
3322.00000 0
3323.00000 1
3324.00000 0
3325.00000 0
3326.00000 0
3327.00000 0
3328.00000 0
3329.00000 0
3330.00000 0
3331.00000 0
3332.00000 2
3333.00000 1
3334.00000 0
3335.00000 1
3336.00000 0
3337.00000 0
3338.00000 0
3339.00000 1
3340.00000 0
3341.00000 0
3342.00000 1
3343.00000 0
3344.00000 0
3345.00000 0
3346.00000 0
3347.00000 0
3348.00000 1
3349.00000 0
3350.00000 2
3351.00000 0
3352.00000 0
3353.00000 0
3354.00000 0
3355.00000 0
3356.00000 1
3357.00000 1
3358.00000 0
3359.00000 1
3360.00000 0
3361.00000 0
3362.00000 1
3363.00000 0
3364.00000 0
3365.00000 1
3366.00000 0
3367.00000 0
3368.00000 2
3369.00000 0
3370.00000 0
3371.00000 1
3372.00000 1
3373.00000 0
3374.00000 2
3375.00000 0
3376.00000 0
3377.00000 0
3378.00000 0
3379.00000 1
3380.00000 0
3381.00000 0
3382.00000 0
3383.00000 2
3384.00000 0
3385.00000 0
3386.00000 0
3387.00000 0
3388.00000 0
3389.00000 3
3390.00000 0
3391.00000 1
3392.00000 1
3393.00000 1
3394.00000 0
3395.00000 1
3396.00000 0
3397.00000 0
3398.00000 0
3399.00000 0
3400.00000 0
3401.00000 0
3402.00000 0
3403.00000 0
3404.00000 0
3405.00000 0
3406.00000 0
3407.00000 0
3408.00000 1
3409.00000 1
3410.00000 0
3411.00000 1
3412.00000 2
3413.00000 0
3414.00000 0
3415.00000 0
3416.00000 0
3417.00000 0
3418.00000 2
3419.00000 1
3420.00000 0
3421.00000 1
3422.00000 0
3423.00000 0
3424.00000 0
3425.00000 0
3426.00000 0
3427.00000 1
3428.00000 0
3429.00000 0
3430.00000 0
3431.00000 1
3432.00000 1
3433.00000 0
3434.00000 0
3435.00000 0
3436.00000 0
3437.00000 0
3438.00000 0
3439.00000 0
3440.00000 0
3441.00000 0
3442.00000 0
3443.00000 1
3444.00000 0
3445.00000 0
3446.00000 0
3447.00000 0
3448.00000 0
3449.00000 0
3450.00000 1
3451.00000 1
3452.00000 0
3453.00000 0
3454.00000 2
3455.00000 1
3456.00000 2
3457.00000 2
3458.00000 0
3459.00000 0
3460.00000 2
3461.00000 0
3462.00000 2
3463.00000 3
3464.00000 0
3465.00000 0
3466.00000 0
3467.00000 0
3468.00000 0
3469.00000 0
3470.00000 0
3471.00000 0
3472.00000 0
3473.00000 0
3474.00000 0
3475.00000 0
3476.00000 0
3477.00000 0
3478.00000 0
3479.00000 3
3480.00000 0
3481.00000 0
3482.00000 0
3483.00000 0
3484.00000 0
3485.00000 0
3486.00000 0
3487.00000 0
3488.00000 1
3489.00000 0
3490.00000 0
3491.00000 0
3492.00000 0
3493.00000 0
3494.00000 0
3495.00000 0
3496.00000 0
3497.00000 0
3498.00000 0
3499.00000 0
3500.00000 0
3501.00000 2
3502.00000 1
3503.00000 0
3504.00000 1
3505.00000 1
3506.00000 1
3507.00000 1
3508.00000 0
3509.00000 0
3510.00000 1
3511.00000 0
3512.00000 0
3513.00000 0
3514.00000 0
3515.00000 0
3516.00000 0
3517.00000 0
3518.00000 0
3519.00000 0
3520.00000 0
3521.00000 0
3522.00000 0
3523.00000 0
3524.00000 0
3525.00000 0
3526.00000 2
3527.00000 0
3528.00000 0
3529.00000 0
3530.00000 0
3531.00000 0
3532.00000 1
3533.00000 1
3534.00000 1
3535.00000 0
3536.00000 0
3537.00000 0
3538.00000 0
3539.00000 0
3540.00000 0
3541.00000 0
3542.00000 0
3543.00000 0
3544.00000 0
3545.00000 0
3546.00000 2
3547.00000 0
3548.00000 0
3549.00000 0
3550.00000 0
3551.00000 0
3552.00000 0
3553.00000 0
3554.00000 0
3555.00000 0
3556.00000 0
3557.00000 0
3558.00000 0
3559.00000 0
3560.00000 1
3561.00000 1
3562.00000 0
3563.00000 0
3564.00000 0
3565.00000 0
3566.00000 0
3567.00000 0
3568.00000 0
3569.00000 0
3570.00000 0
3571.00000 0
3572.00000 0
3573.00000 0
3574.00000 0
3575.00000 0
3576.00000 0
3577.00000 0
3578.00000 0
3579.00000 0
3580.00000 0
3581.00000 0
3582.00000 1
3583.00000 0
3584.00000 0
3585.00000 0
3586.00000 0
3587.00000 0
3588.00000 0
3589.00000 1
3590.00000 0
3591.00000 1
3592.00000 0
3593.00000 0
3594.00000 0
3595.00000 0
3596.00000 0
3597.00000 1
3598.00000 0
3599.00000 0
3600.00000 0
3601.00000 0
3602.00000 0
3603.00000 0
3604.00000 0
3605.00000 0
3606.00000 0
3607.00000 0
3608.00000 0
3609.00000 0
3610.00000 0
3611.00000 0
3612.00000 0
3613.00000 0
3614.00000 0
3615.00000 0
3616.00000 0
3617.00000 0
3618.00000 0
3619.00000 0
3620.00000 0
3621.00000 0
3622.00000 0
3623.00000 0
3624.00000 0
3625.00000 1
3626.00000 1
3627.00000 0
3628.00000 0
3629.00000 1
3630.00000 0
3631.00000 0
3632.00000 0
3633.00000 0
3634.00000 0
3635.00000 1
3636.00000 0
3637.00000 0
3638.00000 0
3639.00000 0
3640.00000 0
3641.00000 0
3642.00000 0
3643.00000 1
3644.00000 0
3645.00000 0
3646.00000 0
3647.00000 0
3648.00000 0
3649.00000 0
3650.00000 0
3651.00000 0
3652.00000 0
3653.00000 1
3654.00000 0
3655.00000 1
3656.00000 0
3657.00000 0
3658.00000 0
3659.00000 0
3660.00000 0
3661.00000 0
3662.00000 0
3663.00000 0
3664.00000 0
3665.00000 0
3666.00000 0
3667.00000 0
3668.00000 0
3669.00000 1
3670.00000 0
3671.00000 0
3672.00000 0
3673.00000 0
3674.00000 0
3675.00000 0
3676.00000 0
3677.00000 0
3678.00000 0
3679.00000 0
3680.00000 0
3681.00000 0
3682.00000 0
3683.00000 0
3684.00000 0
3685.00000 0
3686.00000 1
3687.00000 1
3688.00000 0
3689.00000 0
3690.00000 0
3691.00000 1
3692.00000 0
3693.00000 0
3694.00000 0
3695.00000 0
3696.00000 0
3697.00000 1
3698.00000 2
3699.00000 1
3700.00000 0
3701.00000 1
3702.00000 1
3703.00000 0
3704.00000 1
3705.00000 1
3706.00000 2
3707.00000 1
3708.00000 2
3709.00000 0
3710.00000 0
3711.00000 1
3712.00000 0
3713.00000 0
3714.00000 0
3715.00000 0
3716.00000 1
3717.00000 2
3718.00000 0
3719.00000 0
3720.00000 0
3721.00000 0
3722.00000 0
3723.00000 0
3724.00000 2
3725.00000 0
3726.00000 0
3727.00000 2
3728.00000 0
3729.00000 0
3730.00000 1
3731.00000 1
3732.00000 1
3733.00000 1
3734.00000 0
3735.00000 1
3736.00000 0
3737.00000 0
3738.00000 1
3739.00000 0
3740.00000 3
3741.00000 2
3742.00000 1
3743.00000 1
3744.00000 1
3745.00000 0
3746.00000 1
3747.00000 0
3748.00000 3
3749.00000 0
3750.00000 0
3751.00000 0
3752.00000 2
3753.00000 0
3754.00000 2
3755.00000 0
3756.00000 0
3757.00000 0
3758.00000 2
3759.00000 0
3760.00000 0
3761.00000 0
3762.00000 0
3763.00000 0
3764.00000 0
3765.00000 0
3766.00000 2
3767.00000 0
3768.00000 0
3769.00000 0
3770.00000 1
3771.00000 2
3772.00000 0
3773.00000 2
3774.00000 3
3775.00000 0
3776.00000 0
3777.00000 4
3778.00000 0
3779.00000 1
3780.00000 2
3781.00000 1
3782.00000 2
3783.00000 0
3784.00000 1
3785.00000 0
3786.00000 0
3787.00000 1
3788.00000 0
3789.00000 0
3790.00000 0
3791.00000 1
3792.00000 0
3793.00000 2
3794.00000 2
3795.00000 2
3796.00000 2
3797.00000 3
3798.00000 2
3799.00000 1
3800.00000 0
3801.00000 1
3802.00000 2
3803.00000 0
3804.00000 3
3805.00000 2
3806.00000 1
3807.00000 0
3808.00000 0
3809.00000 0
3810.00000 2
3811.00000 0
3812.00000 0
3813.00000 1
3814.00000 2
3815.00000 1
3816.00000 2
3817.00000 1
3818.00000 0
3819.00000 4
3820.00000 0
3821.00000 1
3822.00000 1
3823.00000 0
3824.00000 2
3825.00000 1
3826.00000 1
3827.00000 1
3828.00000 0
3829.00000 3
3830.00000 1
3831.00000 1
3832.00000 0
3833.00000 2
3834.00000 2
3835.00000 1
3836.00000 2
3837.00000 1
3838.00000 2
3839.00000 1
3840.00000 1
3841.00000 0
3842.00000 0
3843.00000 1
3844.00000 0
3845.00000 2
3846.00000 0
3847.00000 0
3848.00000 1
3849.00000 1
3850.00000 0
3851.00000 2
3852.00000 2
3853.00000 0
3854.00000 1
3855.00000 1
3856.00000 1
3857.00000 0
3858.00000 2
3859.00000 0
3860.00000 2
3861.00000 2
3862.00000 0
3863.00000 2
3864.00000 0
3865.00000 2
3866.00000 0
3867.00000 1
3868.00000 1
3869.00000 0
3870.00000 1
3871.00000 0
3872.00000 3
3873.00000 0
3874.00000 0
3875.00000 1
3876.00000 0
3877.00000 1
3878.00000 0
3879.00000 1
3880.00000 1
3881.00000 2
3882.00000 3
3883.00000 1
3884.00000 2
3885.00000 0
3886.00000 0
3887.00000 0
3888.00000 0
3889.00000 0
3890.00000 1
3891.00000 0
3892.00000 1
3893.00000 4
3894.00000 0
3895.00000 0
3896.00000 0
3897.00000 2
3898.00000 1
3899.00000 1
3900.00000 2
3901.00000 5
3902.00000 0
3903.00000 1
3904.00000 2
3905.00000 0
3906.00000 0
3907.00000 0
3908.00000 0
3909.00000 2
3910.00000 1
3911.00000 0
3912.00000 0
3913.00000 1
3914.00000 1
3915.00000 0
3916.00000 2
3917.00000 2
3918.00000 0
3919.00000 1
3920.00000 2
3921.00000 1
3922.00000 0
3923.00000 0
3924.00000 1
3925.00000 0
3926.00000 1
3927.00000 2
3928.00000 1
3929.00000 0
3930.00000 1
3931.00000 2
3932.00000 1
3933.00000 2
3934.00000 1
3935.00000 2
3936.00000 0
3937.00000 2
3938.00000 0
3939.00000 3
3940.00000 0
3941.00000 1
3942.00000 1
3943.00000 1
3944.00000 0
3945.00000 0
3946.00000 2
3947.00000 0
3948.00000 0
3949.00000 0
3950.00000 0
3951.00000 3
3952.00000 2
3953.00000 0
3954.00000 0
3955.00000 0
3956.00000 1
3957.00000 0
3958.00000 0
3959.00000 0
3960.00000 0
3961.00000 0
3962.00000 0
3963.00000 1
3964.00000 2
3965.00000 0
3966.00000 0
3967.00000 0
3968.00000 2
3969.00000 1
3970.00000 0
3971.00000 2
3972.00000 0
3973.00000 2
3974.00000 0
3975.00000 0
3976.00000 1
3977.00000 2
3978.00000 2
3979.00000 1
3980.00000 0
3981.00000 0
3982.00000 1
3983.00000 3
3984.00000 1
3985.00000 2
3986.00000 2
3987.00000 0
3988.00000 0
3989.00000 1
3990.00000 1
3991.00000 2
3992.00000 1
3993.00000 2
3994.00000 3
3995.00000 0
3996.00000 2
3997.00000 1
3998.00000 0
3999.00000 1
4000.00000 0
4001.00000 1
4002.00000 2
4003.00000 0
4004.00000 0
4005.00000 2
4006.00000 2
4007.00000 1
4008.00000 3
4009.00000 1
4010.00000 0
4011.00000 0
4012.00000 1
4013.00000 0
4014.00000 3
4015.00000 1
4016.00000 0
4017.00000 1
4018.00000 1
4019.00000 0
4020.00000 2
4021.00000 0
4022.00000 0
4023.00000 0
4024.00000 1
4025.00000 0
4026.00000 2
4027.00000 0
4028.00000 2
4029.00000 2
4030.00000 2
4031.00000 1
4032.00000 1
4033.00000 1
4034.00000 2
4035.00000 2
4036.00000 1
4037.00000 0
4038.00000 1
4039.00000 0
4040.00000 0
4041.00000 2
4042.00000 1
4043.00000 0
4044.00000 0
4045.00000 0
4046.00000 1
4047.00000 0
4048.00000 0
4049.00000 0
4050.00000 1
4051.00000 1
4052.00000 0
4053.00000 1
4054.00000 1
4055.00000 1
4056.00000 0
4057.00000 0
4058.00000 1
4059.00000 0
4060.00000 2
4061.00000 0
4062.00000 0
4063.00000 1
4064.00000 0
4065.00000 0
4066.00000 0
4067.00000 0
4068.00000 1
4069.00000 1
4070.00000 0
4071.00000 0
4072.00000 1
4073.00000 1
4074.00000 1
4075.00000 1
4076.00000 0
4077.00000 0
4078.00000 0
4079.00000 0
4080.00000 2
4081.00000 2
4082.00000 2
4083.00000 0
4084.00000 3
4085.00000 0
4086.00000 0
4087.00000 0
4088.00000 1
4089.00000 1
4090.00000 3
4091.00000 0
4092.00000 0
4093.00000 0
4094.00000 0
4095.00000 1
4096.00000 1
