# subtracted counts
1.00000 0
2.00000 0
3.00000 0
4.00000 0
5.00000 0
6.00000 0
7.00000 0
8.00000 0
9.00000 0
10.00000 0
11.00000 0
12.00000 0
13.00000 0
14.00000 0
15.00000 0
16.00000 0
17.00000 0
18.00000 0
19.00000 0
20.00000 0
21.00000 0
22.00000 0
23.00000 0
24.00000 0
25.00000 0
26.00000 0
27.00000 0
28.00000 0
29.00000 0
30.00000 0
31.00000 0
32.00000 0
33.00000 0
34.00000 0
35.00000 0
36.00000 0
37.00000 0
38.00000 0
39.00000 0
40.00000 0
41.00000 0
42.00000 651
43.00000 1606
44.00000 1562
45.00000 1508
46.00000 1388
47.00000 1295
48.00000 1265
49.00000 1241
50.00000 1158
51.00000 1116
52.00000 1122
53.00000 1185
54.00000 1093
55.00000 1074
56.00000 1114
57.00000 1094
58.00000 1110
59.00000 1055
60.00000 1147
61.00000 1106
62.00000 1138
63.00000 1061
64.00000 1132
65.00000 1052
66.00000 1072
67.00000 1042
68.00000 1106
69.00000 1146
70.00000 1060
71.00000 1128
72.00000 1071
73.00000 1090
74.00000 1100
75.00000 1095
76.00000 1168
77.00000 1115
78.00000 1117
79.00000 1139
80.00000 1082
81.00000 1128
82.00000 1134
83.00000 1141
84.00000 1136
85.00000 1147
86.00000 1141
87.00000 1200
88.00000 1147
89.00000 1170
90.00000 1120
91.00000 1141
92.00000 1168
93.00000 1158
94.00000 1212
95.00000 1146
96.00000 1159
97.00000 1216
98.00000 1205
99.00000 1203
100.00000 1175
101.00000 1195
102.00000 1203
103.00000 1187
104.00000 1258
105.00000 1277
106.00000 1243
107.00000 1231
108.00000 1199
109.00000 1282
110.00000 1253
111.00000 1284
112.00000 1331
113.00000 1278
114.00000 1299
115.00000 1267
116.00000 1187
117.00000 1297
118.00000 1375
119.00000 1348
120.00000 1392
121.00000 1360
122.00000 1413
123.00000 1520
124.00000 1465
125.00000 1530
126.00000 1548
127.00000 1572
128.00000 1804
129.00000 1771
130.00000 1821
131.00000 1908
132.00000 1969
133.00000 2114
134.00000 2300
135.00000 2361
136.00000 2499
137.00000 2791
138.00000 2997
139.00000 3177
140.00000 3314
141.00000 3660
142.00000 3939
143.00000 4248
144.00000 4711
145.00000 4984
146.00000 5444
147.00000 5960
148.00000 6280
149.00000 6625
150.00000 7146
151.00000 7717
152.00000 8102
153.00000 8389
154.00000 8839
155.00000 9120
156.00000 9173
157.00000 9326
158.00000 9309
159.00000 9036
160.00000 9071
161.00000 8767
162.00000 8575
163.00000 8188
164.00000 7561
165.00000 7098
166.00000 6584
167.00000 6150
168.00000 5791
169.00000 5355
170.00000 4954
171.00000 4553
172.00000 4267
173.00000 4086
174.00000 3780
175.00000 3639
176.00000 3573
177.00000 3453
178.00000 3335
179.00000 3170
180.00000 2989
181.00000 2936
182.00000 2570
183.00000 2774
184.00000 2643
185.00000 2538
186.00000 2344
187.00000 2259
188.00000 2218
189.00000 2048
190.00000 1941
191.00000 1874
192.00000 1737
193.00000 1679
194.00000 1583
195.00000 1552
196.00000 1442
197.00000 1390
198.00000 1357
199.00000 1318
200.00000 1286
201.00000 1330
202.00000 1234
203.00000 1263
204.00000 1167
205.00000 1235
206.00000 1177
207.00000 1197
208.00000 1168
209.00000 1238
210.00000 1173
211.00000 1126
212.00000 1137
213.00000 1162
214.00000 1211
215.00000 1145
216.00000 1187
217.00000 1151
218.00000 1174
219.00000 1218
220.00000 1139
221.00000 1186
222.00000 1154
223.00000 1113
224.00000 1147
225.00000 1171
226.00000 1147
227.00000 1166
228.00000 1093
229.00000 1142
230.00000 1149
231.00000 1180
232.00000 1175
233.00000 1116
234.00000 1116
235.00000 1179
236.00000 1190
237.00000 1153
238.00000 1112
239.00000 1127
240.00000 1175
241.00000 1171
242.00000 1134
243.00000 1149
244.00000 1224
245.00000 1158
246.00000 1159
247.00000 1179
248.00000 1140
249.00000 1142
250.00000 1117
251.00000 1140
252.00000 1138
253.00000 1083
254.00000 1124
255.00000 1102
256.00000 1125
257.00000 1152
258.00000 1153
259.00000 1149
260.00000 1211
261.00000 1167
262.00000 1163
263.00000 1145
264.00000 1165
265.00000 1172
266.00000 1138
267.00000 1179
268.00000 1194
269.00000 1219
270.00000 1193
271.00000 1165
272.00000 1180
273.00000 1173
274.00000 1208
275.00000 1154
276.00000 1134
277.00000 1184
278.00000 1160
279.00000 1167
280.00000 1157
281.00000 1243
282.00000 1132
283.00000 1268
284.00000 1173
285.00000 1204
286.00000 1193
287.00000 1198
288.00000 1231
289.00000 1224
290.00000 1173
291.00000 1211
292.00000 1174
293.00000 1138
294.00000 1260
295.00000 1204
296.00000 1174
297.00000 1206
298.00000 1192
299.00000 1164
300.00000 1206
301.00000 1157
302.00000 1144
303.00000 1191
304.00000 1182
305.00000 1228
306.00000 1188
307.00000 1242
308.00000 1230
309.00000 1157
310.00000 1153
311.00000 1201
312.00000 1232
313.00000 1217
314.00000 1234
315.00000 1166
316.00000 1288
317.00000 1281
318.00000 1294
319.00000 1196
320.00000 1219
321.00000 1219
322.00000 1268
323.00000 1265
324.00000 1252
325.00000 1288
326.00000 1241
327.00000 1277
328.00000 1281
329.00000 1237
330.00000 1274
331.00000 1294
332.00000 1290
333.00000 1242
334.00000 1300
335.00000 1262
336.00000 1395
337.00000 1294
338.00000 1380
339.00000 1426
340.00000 1349
341.00000 1318
342.00000 1368
343.00000 1374
344.00000 1379
345.00000 1395
346.00000 1360
347.00000 1357
348.00000 1376
349.00000 1413
350.00000 1401
351.00000 1443
352.00000 1441
353.00000 1465
354.00000 1413
355.00000 1489
356.00000 1400
357.00000 1441
358.00000 1342
359.00000 1360
360.00000 1392
361.00000 1303
362.00000 1329
363.00000 1334
364.00000 1379
365.00000 1390
366.00000 1422
367.00000 1336
368.00000 1401
369.00000 1337
370.00000 1300
371.00000 1318
372.00000 1294
373.00000 1289
374.00000 1249
375.00000 1274
376.00000 1282
377.00000 1232
378.00000 1268
379.00000 1238
380.00000 1235
381.00000 1271
382.00000 1191
383.00000 1283
384.00000 1254
385.00000 1249
386.00000 1286
387.00000 1214
388.00000 1258
389.00000 1200
390.00000 1285
391.00000 1207
392.00000 1235
393.00000 1221
394.00000 1303
395.00000 1265
396.00000 1266
397.00000 1256
398.00000 1206
399.00000 1283
400.00000 1254
401.00000 1257
402.00000 1301
403.00000 1233
404.00000 1212
405.00000 1262
406.00000 1282
407.00000 1238
408.00000 1185
409.00000 1247
410.00000 1190
411.00000 1267
412.00000 1167
413.00000 1225
414.00000 1252
415.00000 1290
416.00000 1183
417.00000 1214
418.00000 1174
419.00000 1204
420.00000 1181
421.00000 1193
422.00000 1197
423.00000 1177
424.00000 1137
425.00000 1198
426.00000 1139
427.00000 1111
428.00000 1099
429.00000 1214
430.00000 1136
431.00000 1159
432.00000 1092
433.00000 1160
434.00000 1178
435.00000 1195
436.00000 1195
437.00000 1165
438.00000 1176
439.00000 1174
440.00000 1234
441.00000 1147
442.00000 1228
443.00000 1175
444.00000 1156
445.00000 1098
446.00000 1144
447.00000 1062
448.00000 1142
449.00000 1091
450.00000 1167
451.00000 1112
452.00000 1093
453.00000 1173
454.00000 1067
455.00000 1115
456.00000 1138
457.00000 1166
458.00000 1133
459.00000 1141
460.00000 1154
461.00000 1157
462.00000 1152
463.00000 1189
464.00000 1158
465.00000 1124
466.00000 1170
467.00000 1180
468.00000 1150
469.00000 1224
470.00000 1108
471.00000 1133
472.00000 1192
473.00000 1172
474.00000 1126
475.00000 1146
476.00000 1158
477.00000 1130
478.00000 1190
479.00000 1184
480.00000 1111
481.00000 1158
482.00000 1112
483.00000 1114
484.00000 1122
485.00000 1160
486.00000 1210
487.00000 1077
488.00000 1171
489.00000 1180
490.00000 1126
491.00000 1140
492.00000 1182
493.00000 1202
494.00000 1172
495.00000 1222
496.00000 1144
497.00000 1177
498.00000 1153
499.00000 1128
500.00000 1173
501.00000 1139
502.00000 1128
503.00000 1128
504.00000 1124
505.00000 1220
506.00000 1155
507.00000 1145
508.00000 1111
509.00000 1107
510.00000 1207
511.00000 1205
512.00000 1192
513.00000 1161
514.00000 1156
515.00000 1173
516.00000 1205
517.00000 1168
518.00000 1136
519.00000 1140
520.00000 1163
521.00000 1141
522.00000 1151
523.00000 1153
524.00000 1136
525.00000 1165
526.00000 1244
527.00000 1130
528.00000 1164
529.00000 1155
530.00000 1111
531.00000 1150
532.00000 1187
533.00000 1104
534.00000 1149
535.00000 1120
536.00000 1215
537.00000 1210
538.00000 1174
539.00000 1181
540.00000 1174
541.00000 1209
542.00000 1139
543.00000 1206
544.00000 1168
545.00000 1240
546.00000 1157
547.00000 1123
548.00000 1156
549.00000 1167
550.00000 1135
551.00000 1292
552.00000 1193
553.00000 1226
554.00000 1180
555.00000 1147
556.00000 1220
557.00000 1221
558.00000 1164
559.00000 1149
560.00000 1228
561.00000 1194
562.00000 1182
563.00000 1260
564.00000 1152
565.00000 1139
566.00000 1171
567.00000 1152
568.00000 1203
569.00000 1163
570.00000 1183
571.00000 1159
572.00000 1225
573.00000 1158
574.00000 1175
575.00000 1213
576.00000 1195
577.00000 1175
578.00000 1182
579.00000 1152
580.00000 1125
581.00000 1163
582.00000 1229
583.00000 1163
584.00000 1146
585.00000 1204
586.00000 1153
587.00000 1202
588.00000 1203
589.00000 1212
590.00000 1182
591.00000 1115
592.00000 1147
593.00000 1232
594.00000 1152
595.00000 1186
596.00000 1100
597.00000 1174
598.00000 1171
599.00000 1202
600.00000 1176
601.00000 1155
602.00000 1232
603.00000 1161
604.00000 1181
605.00000 1195
606.00000 1143
607.00000 1141
608.00000 1156
609.00000 1132
610.00000 1201
611.00000 1190
612.00000 1192
613.00000 1183
614.00000 1188
615.00000 1211
616.00000 1219
617.00000 1181
618.00000 1189
619.00000 1181
620.00000 1171
621.00000 1230
622.00000 1191
623.00000 1196
624.00000 1091
625.00000 1141
626.00000 1139
627.00000 1101
628.00000 1148
629.00000 1283
630.00000 1144
631.00000 1165
632.00000 1258
633.00000 1255
634.00000 1185
635.00000 1281
636.00000 1203
637.00000 1161
638.00000 1151
639.00000 1218
640.00000 1197
641.00000 1204
642.00000 1165
643.00000 1222
644.00000 1196
645.00000 1255
646.00000 1210
647.00000 1168
648.00000 1223
649.00000 1207
650.00000 1182
651.00000 1155
652.00000 1231
653.00000 1146
654.00000 1218
655.00000 1188
656.00000 1276
657.00000 1186
658.00000 1135
659.00000 1244
660.00000 1233
661.00000 1209
662.00000 1167
663.00000 1192
664.00000 1213
665.00000 1263
666.00000 1178
667.00000 1187
668.00000 1158
669.00000 1267
670.00000 1212
671.00000 1164
672.00000 1255
673.00000 1257
674.00000 1207
675.00000 1205
676.00000 1182
677.00000 1161
678.00000 1197
679.00000 1216
680.00000 1223
681.00000 1173
682.00000 1207
683.00000 1151
684.00000 1234
685.00000 1218
686.00000 1215
687.00000 1154
688.00000 1187
689.00000 1178
690.00000 1206
691.00000 1166
692.00000 1187
693.00000 1136
694.00000 1216
695.00000 1250
696.00000 1142
697.00000 1230
698.00000 1215
699.00000 1263
700.00000 1244
701.00000 1212
702.00000 1266
703.00000 1166
704.00000 1242
705.00000 1210
706.00000 1325
707.00000 1241
708.00000 1119
709.00000 1231
710.00000 1207
711.00000 1296
712.00000 1274
713.00000 1185
714.00000 1192
715.00000 1236
716.00000 1197
717.00000 1176
718.00000 1279
719.00000 1259
720.00000 1204
721.00000 1268
722.00000 1243
723.00000 1234
724.00000 1203
725.00000 1266
726.00000 1239
727.00000 1246
728.00000 1235
729.00000 1202
730.00000 1273
731.00000 1267
732.00000 1296
733.00000 1240
734.00000 1274
735.00000 1226
736.00000 1234
737.00000 1267
738.00000 1248
739.00000 1304
740.00000 1304
741.00000 1244
742.00000 1238
743.00000 1241
744.00000 1255
745.00000 1203
746.00000 1279
747.00000 1278
748.00000 1255
749.00000 1327
750.00000 1305
751.00000 1286
752.00000 1291
753.00000 1278
754.00000 1285
755.00000 1290
756.00000 1310
757.00000 1258
758.00000 1380
759.00000 1227
760.00000 1371
761.00000 1342
762.00000 1365
763.00000 1374
764.00000 1376
765.00000 1354
766.00000 1344
767.00000 1387
768.00000 1378
769.00000 1363
770.00000 1399
771.00000 1461
772.00000 1404
773.00000 1377
774.00000 1409
775.00000 1391
776.00000 1478
777.00000 1469
778.00000 1487
779.00000 1483
780.00000 1437
781.00000 1491
782.00000 1446
783.00000 1517
784.00000 1533
785.00000 1505
786.00000 1502
787.00000 1510
788.00000 1521
789.00000 1511
790.00000 1568
791.00000 1504
792.00000 1561
793.00000 1533
794.00000 1546
795.00000 1643
796.00000 1504
797.00000 1552
798.00000 1649
799.00000 1649
800.00000 1563
801.00000 1645
802.00000 1651
803.00000 1692
804.00000 1654
805.00000 1693
806.00000 1666
807.00000 1724
808.00000 1730
809.00000 1746
810.00000 1690
811.00000 1680
812.00000 1739
813.00000 1777
814.00000 1724
815.00000 1681
816.00000 1785
817.00000 1816
818.00000 1806
819.00000 1842
820.00000 1862
821.00000 1818
822.00000 1824
823.00000 1758
824.00000 1760
825.00000 1826
826.00000 1867
827.00000 1803
828.00000 1763
829.00000 1793
830.00000 1819
831.00000 1802
832.00000 1874
833.00000 1769
834.00000 1870
835.00000 1714
836.00000 1848
837.00000 1834
838.00000 1875
839.00000 1863
840.00000 1839
841.00000 1922
842.00000 1928
843.00000 1968
844.00000 1828
845.00000 1862
846.00000 1892
847.00000 1899
848.00000 1813
849.00000 1953
850.00000 1838
851.00000 1895
852.00000 1861
853.00000 1894
854.00000 1898
855.00000 1807
856.00000 1850
857.00000 1898
858.00000 1813
859.00000 1858
860.00000 1838
861.00000 1764
862.00000 1841
863.00000 1811
864.00000 1793
865.00000 1792
866.00000 1867
867.00000 1877
868.00000 1835
869.00000 1743
870.00000 1804
871.00000 1745
872.00000 1886
873.00000 1800
874.00000 1804
875.00000 1815
876.00000 1881
877.00000 1842
878.00000 1782
879.00000 1704
880.00000 1711
881.00000 1719
882.00000 1750
883.00000 1754
884.00000 1680
885.00000 1807
886.00000 1699
887.00000 1817
888.00000 1718
889.00000 1670
890.00000 1711
891.00000 1750
892.00000 1803
893.00000 1700
894.00000 1644
895.00000 1770
896.00000 1624
897.00000 1724
898.00000 1680
899.00000 1758
900.00000 1661
901.00000 1657
902.00000 1628
903.00000 1591
904.00000 1655
905.00000 1620
906.00000 1729
907.00000 1681
908.00000 1623
909.00000 1658
910.00000 1654
911.00000 1732
912.00000 1600
913.00000 1627
914.00000 1594
915.00000 1558
916.00000 1538
917.00000 1667
918.00000 1624
919.00000 1616
920.00000 1582
921.00000 1579
922.00000 1578
923.00000 1615
924.00000 1602
925.00000 1619
926.00000 1519
927.00000 1599
928.00000 1570
929.00000 1577
930.00000 1562
931.00000 1658
932.00000 1533
933.00000 1521
934.00000 1582
935.00000 1522
936.00000 1494
937.00000 1592
938.00000 1575
939.00000 1589
940.00000 1497
941.00000 1568
942.00000 1572
943.00000 1524
944.00000 1602
945.00000 1517
946.00000 1484
947.00000 1472
948.00000 1517
949.00000 1508
950.00000 1492
951.00000 1475
952.00000 1479
953.00000 1506
954.00000 1525
955.00000 1578
956.00000 1484
957.00000 1530
958.00000 1471
959.00000 1535
960.00000 1487
961.00000 1469
962.00000 1420
963.00000 1476
964.00000 1498
965.00000 1451
966.00000 1482
967.00000 1492
968.00000 1445
969.00000 1475
970.00000 1478
971.00000 1385
972.00000 1489
973.00000 1409
974.00000 1466
975.00000 1404
976.00000 1423
977.00000 1418
978.00000 1425
979.00000 1440
980.00000 1439
981.00000 1366
982.00000 1424
983.00000 1458
984.00000 1471
985.00000 1313
986.00000 1429
987.00000 1370
988.00000 1482
989.00000 1431
990.00000 1427
991.00000 1408
992.00000 1400
993.00000 1365
994.00000 1359
995.00000 1398
996.00000 1346
997.00000 1387
998.00000 1419
999.00000 1371
1000.00000 1406
1001.00000 1439
1002.00000 1454
1003.00000 1366
1004.00000 1430
1005.00000 1431
1006.00000 1403
1007.00000 1358
1008.00000 1358
1009.00000 1463
1010.00000 1381
1011.00000 1425
1012.00000 1362
1013.00000 1348
1014.00000 1334
1015.00000 1316
1016.00000 1367
1017.00000 1362
1018.00000 1335
1019.00000 1322
1020.00000 1321
1021.00000 1419
1022.00000 1324
1023.00000 1349
1024.00000 1365
1025.00000 1331
1026.00000 1409
1027.00000 1378
1028.00000 1315
1029.00000 1374
1030.00000 1297
1031.00000 1323
1032.00000 1311
1033.00000 1316
1034.00000 1340
1035.00000 1288
1036.00000 1334
1037.00000 1401
1038.00000 1299
1039.00000 1298
1040.00000 1330
1041.00000 1315
1042.00000 1352
1043.00000 1359
1044.00000 1296
1045.00000 1274
1046.00000 1302
1047.00000 1305
1048.00000 1274
1049.00000 1315
1050.00000 1344
1051.00000 1337
1052.00000 1308
1053.00000 1249
1054.00000 1240
1055.00000 1251
1056.00000 1308
1057.00000 1311
1058.00000 1303
1059.00000 1281
1060.00000 1290
1061.00000 1292
1062.00000 1242
1063.00000 1339
1064.00000 1287
1065.00000 1278
1066.00000 1341
1067.00000 1262
1068.00000 1286
1069.00000 1276
1070.00000 1330
1071.00000 1263
1072.00000 1245
1073.00000 1305
1074.00000 1295
1075.00000 1186
1076.00000 1260
1077.00000 1295
1078.00000 1312
1079.00000 1208
1080.00000 1291
1081.00000 1224
1082.00000 1232
1083.00000 1224
1084.00000 1196
1085.00000 1255
1086.00000 1201
1087.00000 1251
1088.00000 1224
1089.00000 1245
1090.00000 1266
1091.00000 1242
1092.00000 1282
1093.00000 1251
1094.00000 1278
1095.00000 1269
1096.00000 1329
1097.00000 1241
1098.00000 1229
1099.00000 1248
1100.00000 1189
1101.00000 1210
1102.00000 1295
1103.00000 1207
1104.00000 1243
1105.00000 1266
1106.00000 1210
1107.00000 1246
1108.00000 1237
1109.00000 1153
1110.00000 1222
1111.00000 1295
1112.00000 1216
1113.00000 1221
1114.00000 1246
1115.00000 1196
1116.00000 1189
1117.00000 1253
1118.00000 1279
1119.00000 1225
1120.00000 1209
1121.00000 1221
1122.00000 1165
1123.00000 1172
1124.00000 1239
1125.00000 1165
1126.00000 1157
1127.00000 1222
1128.00000 1191
1129.00000 1185
1130.00000 1096
1131.00000 1267
1132.00000 1158
1133.00000 1232
1134.00000 1241
1135.00000 1219
1136.00000 1196
1137.00000 1182
1138.00000 1215
1139.00000 1149
1140.00000 1187
1141.00000 1191
1142.00000 1205
1143.00000 1222
1144.00000 1225
1145.00000 1153
1146.00000 1109
1147.00000 1189
1148.00000 1213
1149.00000 1208
1150.00000 1180
1151.00000 1151
1152.00000 1190
1153.00000 1186
1154.00000 1164
1155.00000 1140
1156.00000 1192
1157.00000 1196
1158.00000 1171
1159.00000 1153
1160.00000 1153
1161.00000 1215
1162.00000 1216
1163.00000 1170
1164.00000 1148
1165.00000 1123
1166.00000 1156
1167.00000 1151
1168.00000 1148
1169.00000 1151
1170.00000 1124
1171.00000 1173
1172.00000 1147
1173.00000 1120
1174.00000 1189
1175.00000 1203
1176.00000 1177
1177.00000 1186
1178.00000 1179
1179.00000 1166
1180.00000 1125
1181.00000 1147
1182.00000 1074
1183.00000 1216
1184.00000 1097
1185.00000 1156
1186.00000 1157
1187.00000 1076
1188.00000 1154
1189.00000 1184
1190.00000 1119
1191.00000 1160
1192.00000 1160
1193.00000 1139
1194.00000 1118
1195.00000 1141
1196.00000 1152
1197.00000 1150
1198.00000 1118
1199.00000 1138
1200.00000 1115
1201.00000 1063
1202.00000 1071
1203.00000 1134
1204.00000 1099
1205.00000 1079
1206.00000 1126
1207.00000 1187
1208.00000 1172
1209.00000 1114
1210.00000 1093
1211.00000 1138
1212.00000 1156
1213.00000 1150
1214.00000 1166
1215.00000 1135
1216.00000 1196
1217.00000 1089
1218.00000 1096
1219.00000 1102
1220.00000 1117
1221.00000 1168
1222.00000 1129
1223.00000 1150
1224.00000 1113
1225.00000 1128
1226.00000 1175
1227.00000 1113
1228.00000 1135
1229.00000 1128
1230.00000 1180
1231.00000 1178
1232.00000 1088
1233.00000 1123
1234.00000 1157
1235.00000 1085
1236.00000 1105
1237.00000 1114
1238.00000 1154
1239.00000 1115
1240.00000 1128
1241.00000 1158
1242.00000 1085
1243.00000 1116
1244.00000 1136
1245.00000 1152
1246.00000 1114
1247.00000 1107
1248.00000 1133
1249.00000 1174
1250.00000 1177
1251.00000 1127
1252.00000 1081
1253.00000 1074
1254.00000 1146
1255.00000 1122
1256.00000 1116
1257.00000 1043
1258.00000 1059
1259.00000 1116
1260.00000 1156
1261.00000 1172
1262.00000 1114
1263.00000 1127
1264.00000 1037
1265.00000 1065
1266.00000 1140
1267.00000 1135
1268.00000 1078
1269.00000 1115
1270.00000 1138
1271.00000 1109
1272.00000 1102
1273.00000 1197
1274.00000 1131
1275.00000 1064
1276.00000 1136
1277.00000 1128
1278.00000 1128
1279.00000 1075
1280.00000 1093
1281.00000 1081
1282.00000 1155
1283.00000 1071
1284.00000 1091
1285.00000 1037
1286.00000 1117
1287.00000 1059
1288.00000 1135
1289.00000 1078
1290.00000 1109
1291.00000 1027
1292.00000 1082
1293.00000 1133
1294.00000 1072
1295.00000 1068
1296.00000 1069
1297.00000 1076
1298.00000 1141
1299.00000 1056
1300.00000 1078
1301.00000 1050
1302.00000 1156
1303.00000 1076
1304.00000 1102
1305.00000 1059
1306.00000 1091
1307.00000 1088
1308.00000 1086
1309.00000 1106
1310.00000 1103
1311.00000 1046
1312.00000 1081
1313.00000 1036
1314.00000 1085
1315.00000 1073
1316.00000 1131
1317.00000 1090
1318.00000 1103
1319.00000 1149
1320.00000 1050
1321.00000 1100
1322.00000 1104
1323.00000 1088
1324.00000 1102
1325.00000 1081
1326.00000 1043
1327.00000 1075
1328.00000 1131
1329.00000 1090
1330.00000 1123
1331.00000 1096
1332.00000 1070
1333.00000 1072
1334.00000 1107
1335.00000 1075
1336.00000 1089
1337.00000 1097
1338.00000 1093
1339.00000 1025
1340.00000 1054
1341.00000 1088
1342.00000 1067
1343.00000 1057
1344.00000 1104
1345.00000 1055
1346.00000 1115
1347.00000 1043
1348.00000 1027
1349.00000 1108
1350.00000 1068
1351.00000 1093
1352.00000 1090
1353.00000 1081
1354.00000 1097
1355.00000 1060
1356.00000 1043
1357.00000 1095
1358.00000 1082
1359.00000 1033
1360.00000 1076
1361.00000 1051
1362.00000 1066
1363.00000 1086
1364.00000 1107
1365.00000 1031
1366.00000 1076
1367.00000 1069
1368.00000 1053
1369.00000 1070
1370.00000 1032
1371.00000 991
1372.00000 1034
1373.00000 1042
1374.00000 1064
1375.00000 1065
1376.00000 1044
1377.00000 1052
1378.00000 1014
1379.00000 1005
1380.00000 1071
1381.00000 1047
1382.00000 1035
1383.00000 1033
1384.00000 1111
1385.00000 1060
1386.00000 1039
1387.00000 1070
1388.00000 1078
1389.00000 1081
1390.00000 1058
1391.00000 1032
1392.00000 988
1393.00000 1065
1394.00000 1103
1395.00000 1008
1396.00000 1102
1397.00000 1069
1398.00000 1039
1399.00000 1047
1400.00000 1067
1401.00000 1047
1402.00000 1013
1403.00000 1114
1404.00000 1089
1405.00000 1071
1406.00000 1074
1407.00000 1006
1408.00000 1017
1409.00000 1076
1410.00000 1083
1411.00000 1022
1412.00000 1045
1413.00000 1009
1414.00000 1042
1415.00000 1049
1416.00000 1056
1417.00000 1029
1418.00000 1045
1419.00000 1056
1420.00000 1067
1421.00000 1012
1422.00000 1025
1423.00000 1060
1424.00000 1058
1425.00000 980
1426.00000 1097
1427.00000 1082
1428.00000 1006
1429.00000 1025
1430.00000 1109
1431.00000 1082
1432.00000 1075
1433.00000 1039
1434.00000 1044
1435.00000 1056
1436.00000 987
1437.00000 1071
1438.00000 1046
1439.00000 1050
1440.00000 1049
1441.00000 1112
1442.00000 1049
1443.00000 1129
1444.00000 998
1445.00000 1079
1446.00000 1051
1447.00000 1001
1448.00000 1031
1449.00000 1089
1450.00000 978
1451.00000 1096
1452.00000 1070
1453.00000 1053
1454.00000 1057
1455.00000 1117
1456.00000 1053
1457.00000 1033
1458.00000 1051
1459.00000 1073
1460.00000 1024
1461.00000 1051
1462.00000 1050
1463.00000 1059
1464.00000 1091
1465.00000 1084
1466.00000 1031
1467.00000 1017
1468.00000 1050
1469.00000 1022
1470.00000 1049
1471.00000 1020
1472.00000 1030
1473.00000 1054
1474.00000 1012
1475.00000 1065
1476.00000 1010
1477.00000 1054
1478.00000 1069
1479.00000 1102
1480.00000 1021
1481.00000 1029
1482.00000 1046
1483.00000 1049
1484.00000 1038
1485.00000 1016
1486.00000 1046
1487.00000 1032
1488.00000 1041
1489.00000 989
1490.00000 1037
1491.00000 1042
1492.00000 1054
1493.00000 1067
1494.00000 1061
1495.00000 1048
1496.00000 992
1497.00000 1074
1498.00000 1030
1499.00000 1012
1500.00000 1073
1501.00000 1021
1502.00000 1009
1503.00000 1020
1504.00000 1008
1505.00000 1031
1506.00000 1044
1507.00000 1003
1508.00000 1021
1509.00000 1008
1510.00000 986
1511.00000 1026
1512.00000 1058
1513.00000 1049
1514.00000 1055
1515.00000 994
1516.00000 1044
1517.00000 1070
1518.00000 1084
1519.00000 1045
1520.00000 991
1521.00000 1019
1522.00000 991
1523.00000 1095
1524.00000 1024
1525.00000 1024
1526.00000 996
1527.00000 1029
1528.00000 1033
1529.00000 1002
1530.00000 1013
1531.00000 1045
1532.00000 1008
1533.00000 1069
1534.00000 1078
1535.00000 989
1536.00000 1025
1537.00000 1020
1538.00000 964
1539.00000 1049
1540.00000 1113
1541.00000 1013
1542.00000 1049
1543.00000 994
1544.00000 1043
1545.00000 1062
1546.00000 1019
1547.00000 1032
1548.00000 1009
1549.00000 1020
1550.00000 1097
1551.00000 1028
1552.00000 1005
1553.00000 998
1554.00000 1074
1555.00000 1015
1556.00000 1075
1557.00000 1026
1558.00000 979
1559.00000 1042
1560.00000 1011
1561.00000 1045
1562.00000 995
1563.00000 1087
1564.00000 1050
1565.00000 1059
1566.00000 1046
1567.00000 997
1568.00000 1045
1569.00000 1032
1570.00000 1015
1571.00000 1037
1572.00000 1094
1573.00000 1073
1574.00000 1061
1575.00000 1102
1576.00000 1051
1577.00000 1001
1578.00000 1019
1579.00000 1050
1580.00000 1001
1581.00000 1038
1582.00000 1000
1583.00000 1029
1584.00000 1009
1585.00000 1012
1586.00000 1028
1587.00000 1006
1588.00000 1001
1589.00000 985
1590.00000 1049
1591.00000 954
1592.00000 1026
1593.00000 1033
1594.00000 1038
1595.00000 1021
1596.00000 990
1597.00000 1030
1598.00000 1061
1599.00000 1011
1600.00000 1002
1601.00000 1069
1602.00000 980
1603.00000 1012
1604.00000 1057
1605.00000 1071
1606.00000 1074
1607.00000 1050
1608.00000 1084
1609.00000 1061
1610.00000 1040
1611.00000 1085
1612.00000 1034
1613.00000 1043
1614.00000 1071
1615.00000 1020
1616.00000 1103
1617.00000 1068
1618.00000 1049
1619.00000 1052
1620.00000 1127
1621.00000 1018
1622.00000 1021
1623.00000 985
1624.00000 1013
1625.00000 1013
1626.00000 1082
1627.00000 1051
1628.00000 1039
1629.00000 1045
1630.00000 1026
1631.00000 977
1632.00000 1018
1633.00000 1090
1634.00000 1053
1635.00000 1046
1636.00000 1085
1637.00000 993
1638.00000 1016
1639.00000 1058
1640.00000 1035
1641.00000 1073
1642.00000 1048
1643.00000 981
1644.00000 1029
1645.00000 1088
1646.00000 1093
1647.00000 1039
1648.00000 1029
1649.00000 1040
1650.00000 1045
1651.00000 1082
1652.00000 1085
1653.00000 1065
1654.00000 1019
1655.00000 994
1656.00000 1037
1657.00000 1063
1658.00000 1037
1659.00000 1088
1660.00000 1008
1661.00000 1040
1662.00000 1007
1663.00000 1121
1664.00000 936
1665.00000 1031
1666.00000 1085
1667.00000 1030
1668.00000 1016
1669.00000 1066
1670.00000 1035
1671.00000 1022
1672.00000 1009
1673.00000 1045
1674.00000 1062
1675.00000 1076
1676.00000 1047
1677.00000 1064
1678.00000 1020
1679.00000 1107
1680.00000 1070
1681.00000 1059
1682.00000 1123
1683.00000 1019
1684.00000 1017
1685.00000 1066
1686.00000 1048
1687.00000 1039
1688.00000 1059
1689.00000 1035
1690.00000 1033
1691.00000 1010
1692.00000 964
1693.00000 970
1694.00000 1002
1695.00000 1069
1696.00000 1087
1697.00000 1016
1698.00000 1089
1699.00000 1036
1700.00000 1031
1701.00000 1021
1702.00000 1056
1703.00000 992
1704.00000 1034
1705.00000 991
1706.00000 1024
1707.00000 1055
1708.00000 1059
1709.00000 1035
1710.00000 1028
1711.00000 1049
1712.00000 1043
1713.00000 1071
1714.00000 1052
1715.00000 1049
1716.00000 1010
1717.00000 1091
1718.00000 1043
1719.00000 997
1720.00000 997
1721.00000 1072
1722.00000 1055
1723.00000 964
1724.00000 1101
1725.00000 1039
1726.00000 1038
1727.00000 1063
1728.00000 1080
1729.00000 1088
1730.00000 1018
1731.00000 1051
1732.00000 1009
1733.00000 1010
1734.00000 1061
1735.00000 1078
1736.00000 1084
1737.00000 1019
1738.00000 1086
1739.00000 1020
1740.00000 1015
1741.00000 1035
1742.00000 1103
1743.00000 1055
1744.00000 1082
1745.00000 1057
1746.00000 1021
1747.00000 1049
1748.00000 1040
1749.00000 1089
1750.00000 1062
1751.00000 1094
1752.00000 1042
1753.00000 1070
1754.00000 1054
1755.00000 1028
1756.00000 1009
1757.00000 1092
1758.00000 1070
1759.00000 1089
1760.00000 1064
1761.00000 1016
1762.00000 1059
1763.00000 1035
1764.00000 1066
1765.00000 1000
1766.00000 1048
1767.00000 1056
1768.00000 1066
1769.00000 1126
1770.00000 1097
1771.00000 1030
1772.00000 1063
1773.00000 1036
1774.00000 1089
1775.00000 1096
1776.00000 1098
1777.00000 1041
1778.00000 1003
1779.00000 1046
1780.00000 1069
1781.00000 1055
1782.00000 1066
1783.00000 1056
1784.00000 1075
1785.00000 1097
1786.00000 1038
1787.00000 1070
1788.00000 1100
1789.00000 1099
1790.00000 1051
1791.00000 1156
1792.00000 1006
1793.00000 1052
1794.00000 1027
1795.00000 1099
1796.00000 1103
1797.00000 1077
1798.00000 1056
1799.00000 1037
1800.00000 1065
1801.00000 1038
1802.00000 1004
1803.00000 1095
1804.00000 1069
1805.00000 1024
1806.00000 1029
1807.00000 1076
1808.00000 1090
1809.00000 1070
1810.00000 1081
1811.00000 1094
1812.00000 1071
1813.00000 1079
1814.00000 1042
1815.00000 1095
1816.00000 1067
1817.00000 1039
1818.00000 1069
1819.00000 1058
1820.00000 1033
1821.00000 1136
1822.00000 1119
1823.00000 1055
1824.00000 1051
1825.00000 1086
1826.00000 1073
1827.00000 1011
1828.00000 1076
1829.00000 1065
1830.00000 1075
1831.00000 1115
1832.00000 1078
1833.00000 1059
1834.00000 999
1835.00000 1066
1836.00000 1047
1837.00000 1047
1838.00000 1069
1839.00000 1035
1840.00000 1057
1841.00000 1037
1842.00000 1188
1843.00000 1019
1844.00000 1062
1845.00000 1087
1846.00000 1110
1847.00000 1029
1848.00000 1039
1849.00000 1082
1850.00000 1065
1851.00000 1054
1852.00000 1051
1853.00000 1127
1854.00000 1075
1855.00000 1021
1856.00000 989
1857.00000 1036
1858.00000 985
1859.00000 1082
1860.00000 1076
1861.00000 1040
1862.00000 1032
1863.00000 1085
1864.00000 1101
1865.00000 1049
1866.00000 1011
1867.00000 1030
1868.00000 1046
1869.00000 1086
1870.00000 1095
1871.00000 1054
1872.00000 1005
1873.00000 1051
1874.00000 1031
1875.00000 1066
1876.00000 1061
1877.00000 1020
1878.00000 1007
1879.00000 1018
1880.00000 1044
1881.00000 1013
1882.00000 1079
1883.00000 1091
1884.00000 994
1885.00000 1059
1886.00000 1079
1887.00000 1023
1888.00000 1127
1889.00000 1063
1890.00000 1005
1891.00000 1030
1892.00000 1040
1893.00000 1013
1894.00000 991
1895.00000 1077
1896.00000 1055
1897.00000 985
1898.00000 972
1899.00000 947
1900.00000 1062
1901.00000 974
1902.00000 1036
1903.00000 997
1904.00000 1027
1905.00000 962
1906.00000 1022
1907.00000 1000
1908.00000 950
1909.00000 1022
1910.00000 1031
1911.00000 957
1912.00000 950
1913.00000 959
1914.00000 967
1915.00000 1037
1916.00000 982
1917.00000 997
1918.00000 995
1919.00000 893
1920.00000 1007
1921.00000 998
1922.00000 969
1923.00000 961
1924.00000 919
1925.00000 974
1926.00000 975
1927.00000 908
1928.00000 920
1929.00000 899
1930.00000 976
1931.00000 925
1932.00000 890
1933.00000 861
1934.00000 913
1935.00000 929
1936.00000 846
1937.00000 889
1938.00000 883
1939.00000 853
1940.00000 865
1941.00000 931
1942.00000 895
1943.00000 866
1944.00000 823
1945.00000 844
1946.00000 886
1947.00000 797
1948.00000 881
1949.00000 862
1950.00000 819
1951.00000 822
1952.00000 847
1953.00000 859
1954.00000 800
1955.00000 796
1956.00000 805
1957.00000 825
1958.00000 817
1959.00000 811
1960.00000 786
1961.00000 818
1962.00000 809
1963.00000 791
1964.00000 790
1965.00000 780
1966.00000 780
1967.00000 796
1968.00000 749
1969.00000 748
1970.00000 790
1971.00000 766
1972.00000 729
1973.00000 737
1974.00000 795
1975.00000 706
1976.00000 773
1977.00000 711
1978.00000 724
1979.00000 712
1980.00000 709
1981.00000 730
1982.00000 691
1983.00000 699
1984.00000 714
1985.00000 716
1986.00000 679
1987.00000 692
1988.00000 650
1989.00000 652
1990.00000 703
1991.00000 659
1992.00000 698
1993.00000 649
1994.00000 655
1995.00000 636
1996.00000 668
1997.00000 650
1998.00000 662
1999.00000 669
2000.00000 619
2001.00000 577
2002.00000 611
2003.00000 612
2004.00000 623
2005.00000 640
2006.00000 611
2007.00000 577
2008.00000 550
2009.00000 608
2010.00000 639
2011.00000 613
2012.00000 592
2013.00000 547
2014.00000 594
2015.00000 587
2016.00000 578
2017.00000 529
2018.00000 584
2019.00000 594
2020.00000 546
2021.00000 535
2022.00000 555
2023.00000 543
2024.00000 572
2025.00000 487
2026.00000 527
2027.00000 521
2028.00000 549
2029.00000 524
2030.00000 548
2031.00000 477
2032.00000 547
2033.00000 540
2034.00000 508
2035.00000 498
2036.00000 497
2037.00000 542
2038.00000 506
2039.00000 481
2040.00000 438
2041.00000 476
2042.00000 463
2043.00000 508
2044.00000 469
2045.00000 483
2046.00000 483
2047.00000 442
2048.00000 459
2049.00000 491
2050.00000 453
2051.00000 480
2052.00000 488
2053.00000 468
2054.00000 450
2055.00000 447
2056.00000 454
2057.00000 414
2058.00000 482
2059.00000 399
2060.00000 419
2061.00000 389
2062.00000 417
2063.00000 425
2064.00000 408
2065.00000 413
2066.00000 407
2067.00000 434
2068.00000 388
2069.00000 372
2070.00000 386
2071.00000 397
2072.00000 410
2073.00000 412
2074.00000 408
2075.00000 403
2076.00000 386
2077.00000 352
2078.00000 429
2079.00000 387
2080.00000 394
2081.00000 384
2082.00000 401
2083.00000 399
2084.00000 417
2085.00000 393
2086.00000 362
2087.00000 387
2088.00000 368
2089.00000 380
2090.00000 389
2091.00000 387
2092.00000 364
2093.00000 388
2094.00000 361
2095.00000 368
2096.00000 399
2097.00000 335
2098.00000 320
2099.00000 357
2100.00000 360
2101.00000 351
2102.00000 361
2103.00000 366
2104.00000 344
2105.00000 323
2106.00000 367
2107.00000 354
2108.00000 367
2109.00000 342
2110.00000 329
2111.00000 357
2112.00000 340
2113.00000 330
2114.00000 371
2115.00000 337
2116.00000 293
2117.00000 364
2118.00000 343
2119.00000 351
2120.00000 339
2121.00000 340
2122.00000 329
2123.00000 350
2124.00000 306
2125.00000 341
2126.00000 330
2127.00000 309
2128.00000 371
2129.00000 328
2130.00000 317
2131.00000 293
2132.00000 334
2133.00000 314
2134.00000 291
2135.00000 322
2136.00000 298
2137.00000 374
2138.00000 334
2139.00000 316
2140.00000 321
2141.00000 293
2142.00000 303
2143.00000 298
2144.00000 309
2145.00000 331
2146.00000 314
2147.00000 298
2148.00000 297
2149.00000 265
2150.00000 309
2151.00000 302
2152.00000 321
2153.00000 297
2154.00000 295
2155.00000 295
2156.00000 305
2157.00000 310
2158.00000 343
2159.00000 310
2160.00000 284
2161.00000 298
2162.00000 309
2163.00000 283
2164.00000 295
2165.00000 283
2166.00000 299
2167.00000 272
2168.00000 328
2169.00000 310
2170.00000 285
2171.00000 269
2172.00000 275
2173.00000 274
2174.00000 280
2175.00000 287
2176.00000 262
2177.00000 310
2178.00000 252
2179.00000 277
2180.00000 262
2181.00000 276
2182.00000 291
2183.00000 294
2184.00000 274
2185.00000 259
2186.00000 269
2187.00000 286
2188.00000 259
2189.00000 269
2190.00000 286
2191.00000 282
2192.00000 297
2193.00000 307
2194.00000 278
2195.00000 278
2196.00000 271
2197.00000 271
2198.00000 261
2199.00000 268
2200.00000 262
2201.00000 253
2202.00000 245
2203.00000 283
2204.00000 282
2205.00000 253
2206.00000 279
2207.00000 291
2208.00000 240
2209.00000 271
2210.00000 267
2211.00000 269
2212.00000 247
2213.00000 228
2214.00000 248
2215.00000 238
2216.00000 236
2217.00000 270
2218.00000 245
2219.00000 253
2220.00000 248
2221.00000 240
2222.00000 268
2223.00000 278
2224.00000 256
2225.00000 279
2226.00000 282
2227.00000 261
2228.00000 251
2229.00000 238
2230.00000 264
2231.00000 219
2232.00000 219
2233.00000 263
2234.00000 269
2235.00000 270
2236.00000 240
2237.00000 239
2238.00000 255
2239.00000 214
2240.00000 256
2241.00000 258
2242.00000 240
2243.00000 242
2244.00000 239
2245.00000 227
2246.00000 258
2247.00000 243
2248.00000 245
2249.00000 232
2250.00000 245
2251.00000 248
2252.00000 240
2253.00000 222
2254.00000 219
2255.00000 241
2256.00000 216
2257.00000 216
2258.00000 273
2259.00000 229
2260.00000 222
2261.00000 227
2262.00000 226
2263.00000 223
2264.00000 233
2265.00000 227
2266.00000 214
2267.00000 237
2268.00000 232
2269.00000 218
2270.00000 229
2271.00000 234
2272.00000 240
2273.00000 234
2274.00000 227
2275.00000 252
2276.00000 246
2277.00000 234
2278.00000 217
2279.00000 215
2280.00000 238
2281.00000 221
2282.00000 226
2283.00000 243
2284.00000 222
2285.00000 238
2286.00000 214
2287.00000 218
2288.00000 221
2289.00000 221
2290.00000 219
2291.00000 229
2292.00000 233
2293.00000 250
2294.00000 228
2295.00000 215
2296.00000 240
2297.00000 221
2298.00000 240
2299.00000 250
2300.00000 202
2301.00000 238
2302.00000 221
2303.00000 203
2304.00000 218
2305.00000 224
2306.00000 204
2307.00000 215
2308.00000 219
2309.00000 208
2310.00000 243
2311.00000 212
2312.00000 190
2313.00000 243
2314.00000 226
2315.00000 242
2316.00000 219
2317.00000 204
2318.00000 216
2319.00000 218
2320.00000 244
2321.00000 216
2322.00000 216
2323.00000 230
2324.00000 244
2325.00000 201
2326.00000 252
2327.00000 221
2328.00000 228
2329.00000 184
2330.00000 196
2331.00000 244
2332.00000 215
2333.00000 205
2334.00000 239
2335.00000 205
2336.00000 223
2337.00000 199
2338.00000 217
2339.00000 215
2340.00000 204
2341.00000 233
2342.00000 219
2343.00000 264
2344.00000 244
2345.00000 217
2346.00000 229
2347.00000 192
2348.00000 242
2349.00000 203
2350.00000 210
2351.00000 230
2352.00000 221
2353.00000 185
2354.00000 209
2355.00000 213
2356.00000 189
2357.00000 197
2358.00000 218
2359.00000 203
2360.00000 191
2361.00000 213
2362.00000 205
2363.00000 229
2364.00000 216
2365.00000 237
2366.00000 223
2367.00000 227
2368.00000 228
2369.00000 224
2370.00000 202
2371.00000 218
2372.00000 222
2373.00000 218
2374.00000 226
2375.00000 237
2376.00000 217
2377.00000 228
2378.00000 194
2379.00000 211
2380.00000 227
2381.00000 204
2382.00000 238
2383.00000 214
2384.00000 213
2385.00000 208
2386.00000 221
2387.00000 216
2388.00000 215
2389.00000 214
2390.00000 239
2391.00000 228
2392.00000 210
2393.00000 229
2394.00000 235
2395.00000 212
2396.00000 249
2397.00000 219
2398.00000 233
2399.00000 191
2400.00000 225
2401.00000 209
2402.00000 223
2403.00000 228
2404.00000 209
2405.00000 234
2406.00000 220
2407.00000 229
2408.00000 236
2409.00000 230
2410.00000 229
2411.00000 210
2412.00000 194
2413.00000 239
2414.00000 231
2415.00000 218
2416.00000 210
2417.00000 223
2418.00000 217
2419.00000 247
2420.00000 251
2421.00000 214
2422.00000 219
2423.00000 214
2424.00000 250
2425.00000 223
2426.00000 256
2427.00000 238
2428.00000 221
2429.00000 215
2430.00000 252
2431.00000 233
2432.00000 225
2433.00000 215
2434.00000 193
2435.00000 227
2436.00000 234
2437.00000 232
2438.00000 238
2439.00000 224
2440.00000 250
2441.00000 215
2442.00000 264
2443.00000 235
2444.00000 230
2445.00000 248
2446.00000 214
2447.00000 251
2448.00000 221
2449.00000 228
2450.00000 223
2451.00000 242
2452.00000 241
2453.00000 247
2454.00000 233
2455.00000 223
2456.00000 233
2457.00000 237
2458.00000 237
2459.00000 256
2460.00000 223
2461.00000 258
2462.00000 234
2463.00000 253
2464.00000 245
2465.00000 240
2466.00000 237
2467.00000 242
2468.00000 247
2469.00000 277
2470.00000 245
2471.00000 266
2472.00000 218
2473.00000 248
2474.00000 285
2475.00000 257
2476.00000 263
2477.00000 242
2478.00000 244
2479.00000 254
2480.00000 257
2481.00000 247
2482.00000 263
2483.00000 298
2484.00000 259
2485.00000 295
2486.00000 273
2487.00000 269
2488.00000 259
2489.00000 302
2490.00000 263
2491.00000 270
2492.00000 238
2493.00000 283
2494.00000 270
2495.00000 273
2496.00000 309
2497.00000 285
2498.00000 292
2499.00000 283
2500.00000 289
2501.00000 259
2502.00000 287
2503.00000 256
2504.00000 304
2505.00000 267
2506.00000 290
2507.00000 282
2508.00000 278
2509.00000 294
2510.00000 294
2511.00000 284
2512.00000 288
2513.00000 298
2514.00000 289
2515.00000 351
2516.00000 301
2517.00000 311
2518.00000 306
2519.00000 326
2520.00000 308
2521.00000 321
2522.00000 309
2523.00000 358
2524.00000 353
2525.00000 343
2526.00000 335
2527.00000 350
2528.00000 358
2529.00000 348
2530.00000 363
2531.00000 319
2532.00000 377
2533.00000 329
2534.00000 338
2535.00000 387
2536.00000 386
2537.00000 334
2538.00000 397
2539.00000 413
2540.00000 371
2541.00000 389
2542.00000 417
2543.00000 439
2544.00000 396
2545.00000 436
2546.00000 404
2547.00000 382
2548.00000 402
2549.00000 436
2550.00000 445
2551.00000 474
2552.00000 444
2553.00000 486
2554.00000 479
2555.00000 454
2556.00000 483
2557.00000 497
2558.00000 511
2559.00000 476
2560.00000 526
2561.00000 550
2562.00000 524
2563.00000 548
2564.00000 527
2565.00000 567
2566.00000 610
2567.00000 607
2568.00000 601
2569.00000 612
2570.00000 601
2571.00000 594
2572.00000 574
2573.00000 596
2574.00000 674
2575.00000 619
2576.00000 703
2577.00000 689
2578.00000 641
2579.00000 762
2580.00000 688
2581.00000 760
2582.00000 763
2583.00000 732
2584.00000 779
2585.00000 779
2586.00000 778
2587.00000 863
2588.00000 801
2589.00000 879
2590.00000 938
2591.00000 849
2592.00000 886
2593.00000 966
2594.00000 955
2595.00000 976
2596.00000 938
2597.00000 967
2598.00000 937
2599.00000 982
2600.00000 1058
2601.00000 1079
2602.00000 1112
2603.00000 1130
2604.00000 1130
2605.00000 1219
2606.00000 1197
2607.00000 1172
2608.00000 1181
2609.00000 1220
2610.00000 1269
2611.00000 1280
2612.00000 1277
2613.00000 1304
2614.00000 1308
2615.00000 1394
2616.00000 1379
2617.00000 1423
2618.00000 1571
2619.00000 1596
2620.00000 1499
2621.00000 1531
2622.00000 1572
2623.00000 1580
2624.00000 1579
2625.00000 1695
2626.00000 1670
2627.00000 1705
2628.00000 1759
2629.00000 1812
2630.00000 1745
2631.00000 1848
2632.00000 1817
2633.00000 1860
2634.00000 1888
2635.00000 1914
2636.00000 1989
2637.00000 2032
2638.00000 2083
2639.00000 2075
2640.00000 2182
2641.00000 2224
2642.00000 2349
2643.00000 2176
2644.00000 2265
2645.00000 2274
2646.00000 2403
2647.00000 2499
2648.00000 2455
2649.00000 2505
2650.00000 2531
2651.00000 2655
2652.00000 2637
2653.00000 2579
2654.00000 2722
2655.00000 2728
2656.00000 2806
2657.00000 2780
2658.00000 2992
2659.00000 2851
2660.00000 2967
2661.00000 3058
2662.00000 3014
2663.00000 3109
2664.00000 3152
2665.00000 3259
2666.00000 3161
2667.00000 3175
2668.00000 3283
2669.00000 3334
2670.00000 3323
2671.00000 3435
2672.00000 3591
2673.00000 3504
2674.00000 3520
2675.00000 3661
2676.00000 3712
2677.00000 3792
2678.00000 3791
2679.00000 3986
2680.00000 3870
2681.00000 4014
2682.00000 3914
2683.00000 4125
2684.00000 4149
2685.00000 4175
2686.00000 4167
2687.00000 4411
2688.00000 4358
2689.00000 4333
2690.00000 4399
2691.00000 4445
2692.00000 4618
2693.00000 4643
2694.00000 4705
2695.00000 4645
2696.00000 4774
2697.00000 4851
2698.00000 4732
2699.00000 4957
2700.00000 4879
2701.00000 5012
2702.00000 5111
2703.00000 5071
2704.00000 5036
2705.00000 5099
2706.00000 5178
2707.00000 5273
2708.00000 5300
2709.00000 5416
2710.00000 5405
2711.00000 5419
2712.00000 5603
2713.00000 5707
2714.00000 5703
2715.00000 5816
2716.00000 5812
2717.00000 5791
2718.00000 5921
2719.00000 5955
2720.00000 6032
2721.00000 6203
2722.00000 6164
2723.00000 6177
2724.00000 6134
2725.00000 6230
2726.00000 6225
2727.00000 6482
2728.00000 6215
2729.00000 6229
2730.00000 6318
2731.00000 6437
2732.00000 6654
2733.00000 6515
2734.00000 6482
2735.00000 6638
2736.00000 6634
2737.00000 6677
2738.00000 6673
2739.00000 6825
2740.00000 6732
2741.00000 6688
2742.00000 6653
2743.00000 7021
2744.00000 6996
2745.00000 7026
2746.00000 7053
2747.00000 6914
2748.00000 6955
2749.00000 7126
2750.00000 7138
2751.00000 7149
2752.00000 7374
2753.00000 7197
2754.00000 7217
2755.00000 7186
2756.00000 7194
2757.00000 7165
2758.00000 7283
2759.00000 7324
2760.00000 7249
2761.00000 7285
2762.00000 7320
2763.00000 7320
2764.00000 7485
2765.00000 7376
2766.00000 7330
2767.00000 7355
2768.00000 7501
2769.00000 7352
2770.00000 7333
2771.00000 7436
2772.00000 7383
2773.00000 7457
2774.00000 7389
2775.00000 7397
2776.00000 7436
2777.00000 7457
2778.00000 7497
2779.00000 7425
2780.00000 7458
2781.00000 7260
2782.00000 7427
2783.00000 7335
2784.00000 7246
2785.00000 7409
2786.00000 7310
2787.00000 7331
2788.00000 7335
2789.00000 7251
2790.00000 7249
2791.00000 7254
2792.00000 7339
2793.00000 7296
2794.00000 7095
2795.00000 7114
2796.00000 7194
2797.00000 7068
2798.00000 7096
2799.00000 7016
2800.00000 6912
2801.00000 6954
2802.00000 7028
2803.00000 6919
2804.00000 6954
2805.00000 6940
2806.00000 6928
2807.00000 6736
2808.00000 6827
2809.00000 6712
2810.00000 6802
2811.00000 6610
2812.00000 6610
2813.00000 6470
2814.00000 6451
2815.00000 6419
2816.00000 6293
2817.00000 6305
2818.00000 6428
2819.00000 6190
2820.00000 6393
2821.00000 6151
2822.00000 6122
2823.00000 6215
2824.00000 6083
2825.00000 6001
2826.00000 5953
2827.00000 5979
2828.00000 5666
2829.00000 5778
2830.00000 5839
2831.00000 5804
2832.00000 5649
2833.00000 5588
2834.00000 5567
2835.00000 5545
2836.00000 5373
2837.00000 5260
2838.00000 5431
2839.00000 5243
2840.00000 5189
2841.00000 5112
2842.00000 4977
2843.00000 5084
2844.00000 4972
2845.00000 4882
2846.00000 4926
2847.00000 4866
2848.00000 4709
2849.00000 4632
2850.00000 4621
2851.00000 4479
2852.00000 4460
2853.00000 4426
2854.00000 4332
2855.00000 4292
2856.00000 4295
2857.00000 4329
2858.00000 4201
2859.00000 4045
2860.00000 4038
2861.00000 3968
2862.00000 3852
2863.00000 3854
2864.00000 3816
2865.00000 3816
2866.00000 3743
2867.00000 3608
2868.00000 3640
2869.00000 3527
2870.00000 3524
2871.00000 3436
2872.00000 3364
2873.00000 3246
2874.00000 3108
2875.00000 3208
2876.00000 3133
2877.00000 3076
2878.00000 3060
2879.00000 3115
2880.00000 3004
2881.00000 2939
2882.00000 2965
2883.00000 2860
2884.00000 2740
2885.00000 2777
2886.00000 2620
2887.00000 2599
2888.00000 2629
2889.00000 2494
2890.00000 2420
2891.00000 2405
2892.00000 2344
2893.00000 2286
2894.00000 2276
2895.00000 2323
2896.00000 2279
2897.00000 2090
2898.00000 2148
2899.00000 2123
2900.00000 2010
2901.00000 1956
2902.00000 1964
2903.00000 1987
2904.00000 1891
2905.00000 1763
2906.00000 1786
2907.00000 1724
2908.00000 1670
2909.00000 1613
2910.00000 1610
2911.00000 1696
2912.00000 1571
2913.00000 1569
2914.00000 1553
2915.00000 1470
2916.00000 1400
2917.00000 1383
2918.00000 1428
2919.00000 1356
2920.00000 1393
2921.00000 1318
2922.00000 1291
2923.00000 1249
2924.00000 1260
2925.00000 1214
2926.00000 1173
2927.00000 1147
2928.00000 1083
2929.00000 1087
2930.00000 1042
2931.00000 993
2932.00000 984
2933.00000 921
2934.00000 933
2935.00000 984
2936.00000 873
2937.00000 868
2938.00000 901
2939.00000 822
2940.00000 894
2941.00000 792
2942.00000 758
2943.00000 757
2944.00000 790
2945.00000 759
2946.00000 728
2947.00000 709
2948.00000 688
2949.00000 624
2950.00000 639
2951.00000 683
2952.00000 581
2953.00000 637
2954.00000 605
2955.00000 551
2956.00000 501
2957.00000 561
2958.00000 530
2959.00000 527
2960.00000 452
2961.00000 483
2962.00000 470
2963.00000 470
2964.00000 431
2965.00000 451
2966.00000 435
2967.00000 429
2968.00000 431
2969.00000 381
2970.00000 387
2971.00000 392
2972.00000 376
2973.00000 352
2974.00000 353
2975.00000 364
2976.00000 309
2977.00000 322
2978.00000 341
2979.00000 338
2980.00000 302
2981.00000 305
2982.00000 302
2983.00000 260
2984.00000 221
2985.00000 268
2986.00000 255
2987.00000 279
2988.00000 244
2989.00000 248
2990.00000 249
2991.00000 213
2992.00000 252
2993.00000 221
2994.00000 179
2995.00000 212
2996.00000 238
2997.00000 197
2998.00000 201
2999.00000 202
3000.00000 194
3001.00000 189
3002.00000 192
3003.00000 159
3004.00000 153
3005.00000 159
3006.00000 175
3007.00000 178
3008.00000 165
3009.00000 152
3010.00000 148
3011.00000 161
3012.00000 165
3013.00000 121
3014.00000 140
3015.00000 148
3016.00000 130
3017.00000 131
3018.00000 142
3019.00000 132
3020.00000 141
3021.00000 153
3022.00000 108
3023.00000 121
3024.00000 118
3025.00000 138
3026.00000 137
3027.00000 110
3028.00000 114
3029.00000 116
3030.00000 94
3031.00000 96
3032.00000 129
3033.00000 116
3034.00000 125
3035.00000 122
3036.00000 129
3037.00000 100
3038.00000 93
3039.00000 101
3040.00000 117
3041.00000 109
3042.00000 105
3043.00000 97
3044.00000 95
3045.00000 88
3046.00000 107
3047.00000 106
3048.00000 88
3049.00000 86
3050.00000 75
3051.00000 86
3052.00000 85
3053.00000 96
3054.00000 97
3055.00000 78
3056.00000 75
3057.00000 79
3058.00000 86
3059.00000 72
3060.00000 97
3061.00000 96
3062.00000 82
3063.00000 84
3064.00000 69
3065.00000 58
3066.00000 85
3067.00000 72
3068.00000 82
3069.00000 97
3070.00000 76
3071.00000 80
3072.00000 72
3073.00000 67
3074.00000 75
3075.00000 73
3076.00000 77
3077.00000 67
3078.00000 68
3079.00000 75
3080.00000 69
3081.00000 78
3082.00000 75
3083.00000 68
3084.00000 80
3085.00000 79
3086.00000 62
3087.00000 74
3088.00000 66
3089.00000 80
3090.00000 79
3091.00000 68
3092.00000 58
3093.00000 69
3094.00000 71
3095.00000 71
3096.00000 68
3097.00000 81
3098.00000 76
3099.00000 79
3100.00000 66
3101.00000 50
3102.00000 80
3103.00000 73
3104.00000 73
3105.00000 64
3106.00000 67
3107.00000 68
3108.00000 66
3109.00000 80
3110.00000 64
3111.00000 70
3112.00000 52
3113.00000 77
3114.00000 69
3115.00000 65
3116.00000 68
3117.00000 65
3118.00000 66
3119.00000 74
3120.00000 57
3121.00000 63
3122.00000 64
3123.00000 52
3124.00000 59
3125.00000 66
3126.00000 67
3127.00000 63
3128.00000 50
3129.00000 61
3130.00000 60
3131.00000 56
3132.00000 73
3133.00000 68
3134.00000 65
3135.00000 57
3136.00000 47
3137.00000 59
3138.00000 66
3139.00000 52
3140.00000 51
3141.00000 60
3142.00000 57
3143.00000 74
3144.00000 73
3145.00000 64
3146.00000 57
3147.00000 60
3148.00000 58
3149.00000 50
3150.00000 69
3151.00000 61
3152.00000 48
3153.00000 61
3154.00000 66
3155.00000 52
3156.00000 65
3157.00000 62
3158.00000 52
3159.00000 59
3160.00000 56
3161.00000 58
3162.00000 64
3163.00000 62
3164.00000 53
3165.00000 56
3166.00000 51
3167.00000 57
3168.00000 62
3169.00000 63
3170.00000 54
3171.00000 56
3172.00000 66
3173.00000 60
3174.00000 53
3175.00000 56
3176.00000 71
3177.00000 50
3178.00000 49
3179.00000 73
3180.00000 50
3181.00000 59
3182.00000 62
3183.00000 61
3184.00000 65
3185.00000 54
3186.00000 54
3187.00000 68
3188.00000 58
3189.00000 66
3190.00000 65
3191.00000 65
3192.00000 58
3193.00000 59
3194.00000 59
3195.00000 57
3196.00000 50
3197.00000 59
3198.00000 44
3199.00000 59
3200.00000 71
3201.00000 57
3202.00000 50
3203.00000 66
3204.00000 62
3205.00000 58
3206.00000 60
3207.00000 70
3208.00000 60
3209.00000 61
3210.00000 57
3211.00000 59
3212.00000 63
3213.00000 62
3214.00000 78
3215.00000 60
3216.00000 51
3217.00000 66
3218.00000 52
3219.00000 59
3220.00000 71
3221.00000 56
3222.00000 52
3223.00000 50
3224.00000 57
3225.00000 56
3226.00000 68
3227.00000 46
3228.00000 46
3229.00000 43
3230.00000 49
3231.00000 57
3232.00000 50
3233.00000 47
3234.00000 62
3235.00000 53
3236.00000 61
3237.00000 41
3238.00000 55
3239.00000 58
3240.00000 56
3241.00000 53
3242.00000 46
3243.00000 54
3244.00000 61
3245.00000 47
3246.00000 52
3247.00000 52
3248.00000 58
3249.00000 60
3250.00000 54
3251.00000 56
3252.00000 59
3253.00000 56
3254.00000 54
3255.00000 47
3256.00000 46
3257.00000 56
3258.00000 60
3259.00000 58
3260.00000 50
3261.00000 48
3262.00000 49
3263.00000 63
3264.00000 58
3265.00000 67
3266.00000 41
3267.00000 60
3268.00000 54
3269.00000 50
3270.00000 58
3271.00000 59
3272.00000 48
3273.00000 50
3274.00000 51
3275.00000 40
3276.00000 50
3277.00000 43
3278.00000 48
3279.00000 47
3280.00000 55
3281.00000 40
3282.00000 44
3283.00000 55
3284.00000 55
3285.00000 35
3286.00000 38
3287.00000 61
3288.00000 51
3289.00000 53
3290.00000 44
3291.00000 46
3292.00000 43
3293.00000 66
3294.00000 36
3295.00000 46
3296.00000 51
3297.00000 42
3298.00000 69
3299.00000 51
3300.00000 58
3301.00000 58
3302.00000 42
3303.00000 58
3304.00000 39
3305.00000 42
3306.00000 36
3307.00000 49
3308.00000 39
3309.00000 52
3310.00000 49
3311.00000 50
3312.00000 54
3313.00000 64
3314.00000 50
3315.00000 69
3316.00000 51
3317.00000 56
3318.00000 58
3319.00000 46
3320.00000 55
3321.00000 65
3322.00000 44
3323.00000 63
3324.00000 51
3325.00000 48
3326.00000 57
3327.00000 40
3328.00000 40
3329.00000 49
3330.00000 46
3331.00000 47
3332.00000 55
3333.00000 46
3334.00000 49
3335.00000 52
3336.00000 49
3337.00000 48
3338.00000 44
3339.00000 47
3340.00000 49
3341.00000 47
3342.00000 62
3343.00000 45
3344.00000 66
3345.00000 46
3346.00000 45
3347.00000 42
3348.00000 44
3349.00000 46
3350.00000 52
3351.00000 32
3352.00000 43
3353.00000 62
3354.00000 48
3355.00000 67
3356.00000 46
3357.00000 48
3358.00000 36
3359.00000 53
3360.00000 44
3361.00000 50
3362.00000 41
3363.00000 50
3364.00000 44
3365.00000 54
3366.00000 36
3367.00000 44
3368.00000 38
3369.00000 46
3370.00000 52
3371.00000 42
3372.00000 46
3373.00000 52
3374.00000 62
3375.00000 58
3376.00000 39
3377.00000 43
3378.00000 45
3379.00000 46
3380.00000 43
3381.00000 45
3382.00000 40
3383.00000 41
3384.00000 42
3385.00000 52
3386.00000 42
3387.00000 49
3388.00000 33
3389.00000 48
3390.00000 39
3391.00000 49
3392.00000 51
3393.00000 55
3394.00000 48
3395.00000 39
3396.00000 49
3397.00000 44
3398.00000 50
3399.00000 63
3400.00000 36
3401.00000 51
3402.00000 40
3403.00000 52
3404.00000 44
3405.00000 50
3406.00000 51
3407.00000 42
3408.00000 48
3409.00000 41
3410.00000 46
3411.00000 50
3412.00000 47
3413.00000 42
3414.00000 51
3415.00000 45
3416.00000 39
3417.00000 44
3418.00000 47
3419.00000 49
3420.00000 45
3421.00000 54
3422.00000 45
3423.00000 57
3424.00000 45
3425.00000 49
3426.00000 55
3427.00000 38
3428.00000 56
3429.00000 38
3430.00000 33
3431.00000 53
3432.00000 36
3433.00000 46
3434.00000 38
3435.00000 49
3436.00000 57
3437.00000 50
3438.00000 39
3439.00000 60
3440.00000 48
3441.00000 44
3442.00000 50
3443.00000 41
3444.00000 44
3445.00000 40
3446.00000 52
3447.00000 53
3448.00000 32
3449.00000 42
3450.00000 42
3451.00000 38
3452.00000 47
3453.00000 43
3454.00000 41
3455.00000 45
3456.00000 45
3457.00000 36
3458.00000 50
3459.00000 49
3460.00000 46
3461.00000 44
3462.00000 50
3463.00000 40
3464.00000 53
3465.00000 50
3466.00000 42
3467.00000 45
3468.00000 50
3469.00000 53
3470.00000 39
3471.00000 38
3472.00000 44
3473.00000 49
3474.00000 48
3475.00000 43
3476.00000 39
3477.00000 49
3478.00000 43
3479.00000 47
3480.00000 42
3481.00000 48
3482.00000 49
3483.00000 51
3484.00000 40
3485.00000 47
3486.00000 47
3487.00000 47
3488.00000 45
3489.00000 49
3490.00000 48
3491.00000 42
3492.00000 57
3493.00000 39
3494.00000 38
3495.00000 45
3496.00000 26
3497.00000 37
3498.00000 37
3499.00000 45
3500.00000 42
3501.00000 43
3502.00000 36
3503.00000 52
3504.00000 47
3505.00000 54
3506.00000 36
3507.00000 34
3508.00000 34
3509.00000 43
3510.00000 52
3511.00000 30
3512.00000 57
3513.00000 34
3514.00000 47
3515.00000 45
3516.00000 45
3517.00000 39
3518.00000 34
3519.00000 39
3520.00000 44
3521.00000 42
3522.00000 43
3523.00000 52
3524.00000 36
3525.00000 49
3526.00000 39
3527.00000 30
3528.00000 48
3529.00000 31
3530.00000 40
3531.00000 36
3532.00000 43
3533.00000 44
3534.00000 38
3535.00000 47
3536.00000 45
3537.00000 37
3538.00000 41
3539.00000 44
3540.00000 35
3541.00000 43
3542.00000 53
3543.00000 36
3544.00000 37
3545.00000 42
3546.00000 43
3547.00000 26
3548.00000 43
3549.00000 44
3550.00000 52
3551.00000 37
3552.00000 44
3553.00000 50
3554.00000 39
3555.00000 41
3556.00000 35
3557.00000 37
3558.00000 36
3559.00000 38
3560.00000 32
3561.00000 27
3562.00000 41
3563.00000 24
3564.00000 46
3565.00000 31
3566.00000 40
3567.00000 37
3568.00000 32
3569.00000 37
3570.00000 45
3571.00000 39
3572.00000 38
3573.00000 48
3574.00000 31
3575.00000 42
3576.00000 43
3577.00000 44
3578.00000 38
3579.00000 50
3580.00000 50
3581.00000 30
3582.00000 34
3583.00000 46
3584.00000 38
3585.00000 31
3586.00000 54
3587.00000 42
3588.00000 50
3589.00000 35
3590.00000 51
3591.00000 31
3592.00000 44
3593.00000 41
3594.00000 35
3595.00000 31
3596.00000 35
3597.00000 37
3598.00000 38
3599.00000 31
3600.00000 50
3601.00000 30
3602.00000 30
3603.00000 47
3604.00000 36
3605.00000 30
3606.00000 29
3607.00000 31
3608.00000 26
3609.00000 29
3610.00000 33
3611.00000 37
3612.00000 51
3613.00000 28
3614.00000 38
3615.00000 37
3616.00000 43
3617.00000 43
3618.00000 46
3619.00000 26
3620.00000 25
3621.00000 43
3622.00000 45
3623.00000 35
3624.00000 38
3625.00000 36
3626.00000 36
3627.00000 46
3628.00000 36
3629.00000 40
3630.00000 44
3631.00000 36
3632.00000 36
3633.00000 35
3634.00000 43
3635.00000 46
3636.00000 44
3637.00000 37
3638.00000 35
3639.00000 34
3640.00000 33
3641.00000 26
3642.00000 47
3643.00000 44
3644.00000 33
3645.00000 50
3646.00000 38
3647.00000 45
3648.00000 31
3649.00000 42
3650.00000 42
3651.00000 38
3652.00000 44
3653.00000 39
3654.00000 37
3655.00000 44
3656.00000 34
3657.00000 46
3658.00000 38
3659.00000 41
3660.00000 30
3661.00000 48
3662.00000 42
3663.00000 43
3664.00000 48
3665.00000 49
3666.00000 44
3667.00000 40
3668.00000 33
3669.00000 33
3670.00000 31
3671.00000 38
3672.00000 30
3673.00000 42
3674.00000 36
3675.00000 29
3676.00000 42
3677.00000 34
3678.00000 39
3679.00000 29
3680.00000 34
3681.00000 31
3682.00000 37
3683.00000 35
3684.00000 40
3685.00000 35
3686.00000 30
3687.00000 31
3688.00000 31
3689.00000 30
3690.00000 37
3691.00000 41
3692.00000 38
3693.00000 29
3694.00000 28
3695.00000 47
3696.00000 25
3697.00000 34
3698.00000 29
3699.00000 43
3700.00000 27
3701.00000 35
3702.00000 36
3703.00000 31
3704.00000 36
3705.00000 29
3706.00000 37
3707.00000 31
3708.00000 41
3709.00000 37
3710.00000 37
3711.00000 31
3712.00000 37
3713.00000 31
3714.00000 28
3715.00000 36
3716.00000 38
3717.00000 38
3718.00000 45
3719.00000 32
3720.00000 26
3721.00000 30
3722.00000 32
3723.00000 43
3724.00000 36
3725.00000 30
3726.00000 38
3727.00000 35
3728.00000 31
3729.00000 30
3730.00000 48
3731.00000 29
3732.00000 30
3733.00000 37
3734.00000 35
3735.00000 34
3736.00000 29
3737.00000 35
3738.00000 36
3739.00000 35
3740.00000 39
3741.00000 41
3742.00000 40
3743.00000 28
3744.00000 37
3745.00000 20
3746.00000 31
3747.00000 25
3748.00000 32
3749.00000 41
3750.00000 32
3751.00000 36
3752.00000 32
3753.00000 38
3754.00000 36
3755.00000 27
3756.00000 51
3757.00000 30
3758.00000 31
3759.00000 42
3760.00000 36
3761.00000 33
3762.00000 30
3763.00000 36
3764.00000 25
3765.00000 33
3766.00000 23
3767.00000 33
3768.00000 34
3769.00000 25
3770.00000 36
3771.00000 33
3772.00000 20
3773.00000 24
3774.00000 36
3775.00000 36
3776.00000 28
3777.00000 34
3778.00000 36
3779.00000 29
3780.00000 33
3781.00000 40
3782.00000 33
3783.00000 36
3784.00000 36
3785.00000 34
3786.00000 31
3787.00000 33
3788.00000 32
3789.00000 26
3790.00000 36
3791.00000 36
3792.00000 34
3793.00000 37
3794.00000 35
3795.00000 22
3796.00000 38
3797.00000 26
3798.00000 41
3799.00000 33
3800.00000 34
3801.00000 33
3802.00000 35
3803.00000 45
3804.00000 33
3805.00000 35
3806.00000 34
3807.00000 30
3808.00000 25
3809.00000 42
3810.00000 48
3811.00000 37
3812.00000 46
3813.00000 39
3814.00000 36
3815.00000 36
3816.00000 30
3817.00000 25
3818.00000 34
3819.00000 23
3820.00000 39
3821.00000 35
3822.00000 31
3823.00000 19
3824.00000 36
3825.00000 40
3826.00000 36
3827.00000 23
3828.00000 31
3829.00000 33
3830.00000 40
3831.00000 33
3832.00000 27
3833.00000 27
3834.00000 37
3835.00000 39
3836.00000 33
3837.00000 33
3838.00000 30
3839.00000 31
3840.00000 24
3841.00000 36
3842.00000 33
3843.00000 30
3844.00000 31
3845.00000 30
3846.00000 27
3847.00000 34
3848.00000 21
3849.00000 30
3850.00000 35
3851.00000 32
3852.00000 36
3853.00000 31
3854.00000 35
3855.00000 36
3856.00000 32
3857.00000 32
3858.00000 26
3859.00000 33
3860.00000 33
3861.00000 32
3862.00000 40
3863.00000 29
3864.00000 26
3865.00000 25
3866.00000 23
3867.00000 33
3868.00000 29
3869.00000 26
3870.00000 27
3871.00000 28
3872.00000 22
3873.00000 37
3874.00000 27
3875.00000 30
3876.00000 20
3877.00000 35
3878.00000 36
3879.00000 21
3880.00000 32
3881.00000 41
3882.00000 29
3883.00000 27
3884.00000 37
3885.00000 41
3886.00000 29
3887.00000 28
3888.00000 27
3889.00000 44
3890.00000 23
3891.00000 28
3892.00000 30
3893.00000 30
3894.00000 30
3895.00000 28
3896.00000 22
3897.00000 31
3898.00000 28
3899.00000 31
3900.00000 23
3901.00000 35
3902.00000 22
3903.00000 25
3904.00000 33
3905.00000 22
3906.00000 32
3907.00000 25
3908.00000 27
3909.00000 30
3910.00000 32
3911.00000 25
3912.00000 27
3913.00000 36
3914.00000 28
3915.00000 14
3916.00000 33
3917.00000 35
3918.00000 26
3919.00000 24
3920.00000 41
3921.00000 27
3922.00000 39
3923.00000 27
3924.00000 22
3925.00000 27
3926.00000 42
3927.00000 34
3928.00000 28
3929.00000 27
3930.00000 26
3931.00000 24
3932.00000 33
3933.00000 30
3934.00000 33
3935.00000 27
3936.00000 27
3937.00000 30
3938.00000 30
3939.00000 37
3940.00000 27
3941.00000 32
3942.00000 26
3943.00000 36
3944.00000 26
3945.00000 23
3946.00000 37
3947.00000 31
3948.00000 39
3949.00000 26
3950.00000 19
3951.00000 32
3952.00000 25
3953.00000 23
3954.00000 32
3955.00000 31
3956.00000 24
3957.00000 18
3958.00000 34
3959.00000 25
3960.00000 31
3961.00000 30
3962.00000 31
3963.00000 35
3964.00000 29
3965.00000 24
3966.00000 21
3967.00000 26
3968.00000 29
3969.00000 36
3970.00000 21
3971.00000 31
3972.00000 29
3973.00000 28
3974.00000 33
3975.00000 26
3976.00000 31
3977.00000 33
3978.00000 24
3979.00000 24
3980.00000 28
3981.00000 32
3982.00000 31
3983.00000 20
3984.00000 26
3985.00000 24
3986.00000 30
3987.00000 19
3988.00000 34
3989.00000 32
3990.00000 35
3991.00000 33
3992.00000 28
3993.00000 33
3994.00000 24
3995.00000 25
3996.00000 20
3997.00000 31
3998.00000 28
3999.00000 44
4000.00000 31
4001.00000 27
4002.00000 22
4003.00000 23
4004.00000 22
4005.00000 19
4006.00000 22
4007.00000 34
4008.00000 27
4009.00000 30
4010.00000 36
4011.00000 23
4012.00000 29
4013.00000 29
4014.00000 31
4015.00000 25
4016.00000 34
4017.00000 23
4018.00000 32
4019.00000 31
4020.00000 25
4021.00000 28
4022.00000 27
4023.00000 33
4024.00000 30
4025.00000 31
4026.00000 35
4027.00000 26
4028.00000 22
4029.00000 22
4030.00000 21
4031.00000 26
4032.00000 24
4033.00000 14
4034.00000 33
4035.00000 34
4036.00000 35
4037.00000 28
4038.00000 26
4039.00000 28
4040.00000 33
4041.00000 23
4042.00000 21
4043.00000 25
4044.00000 21
4045.00000 28
4046.00000 21
4047.00000 37
4048.00000 25
4049.00000 22
4050.00000 20
4051.00000 29
4052.00000 20
4053.00000 17
4054.00000 35
4055.00000 26
4056.00000 24
4057.00000 31
4058.00000 21
4059.00000 22
4060.00000 25
4061.00000 23
4062.00000 36
4063.00000 29
4064.00000 32
4065.00000 23
4066.00000 30
4067.00000 25
4068.00000 28
4069.00000 35
4070.00000 27
4071.00000 19
4072.00000 22
4073.00000 26
4074.00000 21
4075.00000 18
4076.00000 24
4077.00000 31
4078.00000 15
4079.00000 21
4080.00000 22
4081.00000 27
4082.00000 24
4083.00000 17
4084.00000 20
4085.00000 25
4086.00000 24
4087.00000 25
4088.00000 19
4089.00000 34
4090.00000 38
4091.00000 32
4092.00000 31
4093.00000 19
4094.00000 22
4095.00000 22
4096.00000 28
