# subtracted counts
1.00000 0
2.00000 0
3.00000 0
4.00000 0
5.00000 0
6.00000 0
7.00000 0
8.00000 0
9.00000 0
10.00000 0
11.00000 0
12.00000 0
13.00000 0
14.00000 0
15.00000 0
16.00000 0
17.00000 0
18.00000 0
19.00000 0
20.00000 0
21.00000 0
22.00000 0
23.00000 0
24.00000 0
25.00000 0
26.00000 0
27.00000 0
28.00000 0
29.00000 0
30.00000 0
31.00000 0
32.00000 0
33.00000 0
34.00000 0
35.00000 0
36.00000 0
37.00000 0
38.00000 0
39.00000 0
40.00000 0
41.00000 0
42.00000 16
43.00000 44
44.00000 28
45.00000 31
46.00000 36
47.00000 42
48.00000 37
49.00000 48
50.00000 28
51.00000 22
52.00000 28
53.00000 34
54.00000 28
55.00000 42
56.00000 32
57.00000 34
58.00000 34
59.00000 36
60.00000 28
61.00000 30
62.00000 31
63.00000 21
64.00000 39
65.00000 37
66.00000 40
67.00000 33
68.00000 26
69.00000 36
70.00000 34
71.00000 40
72.00000 35
73.00000 35
74.00000 31
75.00000 42
76.00000 39
77.00000 20
78.00000 43
79.00000 35
80.00000 29
81.00000 36
82.00000 26
83.00000 48
84.00000 31
85.00000 35
86.00000 41
87.00000 31
88.00000 31
89.00000 27
90.00000 34
91.00000 29
92.00000 30
93.00000 35
94.00000 34
95.00000 22
96.00000 25
97.00000 22
98.00000 31
99.00000 31
100.00000 27
101.00000 39
102.00000 28
103.00000 35
104.00000 37
105.00000 34
106.00000 39
107.00000 48
108.00000 32
109.00000 27
110.00000 35
111.00000 42
112.00000 19
113.00000 37
114.00000 35
115.00000 32
116.00000 31
117.00000 40
118.00000 15
119.00000 48
120.00000 42
121.00000 39
122.00000 33
123.00000 32
124.00000 31
125.00000 30
126.00000 26
127.00000 20
128.00000 32
129.00000 23
130.00000 25
131.00000 17
132.00000 24
133.00000 24
134.00000 29
135.00000 40
136.00000 25
137.00000 37
138.00000 30
139.00000 26
140.00000 27
141.00000 24
142.00000 33
143.00000 24
144.00000 17
145.00000 19
146.00000 18
147.00000 28
148.00000 19
149.00000 15
150.00000 24
151.00000 19
152.00000 14
153.00000 26
154.00000 10
155.00000 32
156.00000 19
157.00000 16
158.00000 0
159.00000 18
160.00000 5
161.00000 20
162.00000 11
163.00000 14
164.00000 9
165.00000 9
166.00000 20
167.00000 17
168.00000 14
169.00000 15
170.00000 3
171.00000 6
172.00000 0
173.00000 5
174.00000 3
175.00000 2
176.00000 24
177.00000 0
178.00000 0
179.00000 4
180.00000 0
181.00000 2
182.00000 0
183.00000 0
184.00000 0
185.00000 0
186.00000 0
187.00000 0
188.00000 0
189.00000 0
190.00000 0
191.00000 0
192.00000 0
193.00000 0
194.00000 7
195.00000 0
196.00000 0
197.00000 0
198.00000 0
199.00000 0
200.00000 0
201.00000 0
202.00000 0
203.00000 0
204.00000 0
205.00000 0
206.00000 0
207.00000 0
208.00000 0
209.00000 0
210.00000 0
211.00000 0
212.00000 0
213.00000 0
214.00000 0
215.00000 0
216.00000 0
217.00000 0
218.00000 0
219.00000 0
220.00000 0
221.00000 0
222.00000 0
223.00000 0
224.00000 0
225.00000 0
226.00000 0
227.00000 0
228.00000 0
229.00000 0
230.00000 0
231.00000 0
232.00000 0
233.00000 0
234.00000 0
235.00000 0
236.00000 0
237.00000 0
238.00000 0
239.00000 0
240.00000 0
241.00000 0
242.00000 0
243.00000 0
244.00000 0
245.00000 0
246.00000 0
247.00000 0
248.00000 0
249.00000 0
250.00000 0
251.00000 0
252.00000 0
253.00000 0
254.00000 0
255.00000 0
256.00000 0
257.00000 0
258.00000 0
259.00000 0
260.00000 0
261.00000 0
262.00000 0
263.00000 0
264.00000 0
265.00000 0
266.00000 0
267.00000 0
268.00000 0
269.00000 0
270.00000 0
271.00000 0
272.00000 0
273.00000 0
274.00000 0
275.00000 0
276.00000 0
277.00000 0
278.00000 0
279.00000 0
280.00000 0
281.00000 0
282.00000 0
283.00000 0
284.00000 0
285.00000 0
286.00000 0
287.00000 0
288.00000 14
289.00000 0
290.00000 0
291.00000 0
292.00000 0
293.00000 16
294.00000 0
295.00000 0
296.00000 0
297.00000 0
298.00000 0
299.00000 0
300.00000 6
301.00000 2
302.00000 13
303.00000 0
304.00000 0
305.00000 12
306.00000 6
307.00000 0
308.00000 0
309.00000 6
310.00000 1
311.00000 0
312.00000 2
313.00000 18
314.00000 14
315.00000 26
316.00000 3
317.00000 0
318.00000 10
319.00000 24
320.00000 12
321.00000 0
322.00000 4
323.00000 8
324.00000 7
325.00000 0
326.00000 0
327.00000 18
328.00000 10
329.00000 12
330.00000 21
331.00000 22
332.00000 9
333.00000 29
334.00000 5
335.00000 9
336.00000 29
337.00000 13
338.00000 35
339.00000 47
340.00000 33
341.00000 19
342.00000 27
343.00000 30
344.00000 27
345.00000 31
346.00000 39
347.00000 43
348.00000 19
349.00000 29
350.00000 29
351.00000 11
352.00000 30
353.00000 18
354.00000 26
355.00000 52
356.00000 38
357.00000 55
358.00000 25
359.00000 21
360.00000 25
361.00000 33
362.00000 51
363.00000 31
364.00000 12
365.00000 30
366.00000 32
367.00000 51
368.00000 18
369.00000 47
370.00000 20
371.00000 17
372.00000 20
373.00000 25
374.00000 11
375.00000 30
376.00000 16
377.00000 24
378.00000 8
379.00000 31
380.00000 26
381.00000 26
382.00000 45
383.00000 33
384.00000 25
385.00000 47
386.00000 33
387.00000 37
388.00000 31
389.00000 49
390.00000 43
391.00000 30
392.00000 42
393.00000 42
394.00000 17
395.00000 26
396.00000 35
397.00000 43
398.00000 42
399.00000 38
400.00000 43
401.00000 19
402.00000 30
403.00000 29
404.00000 20
405.00000 52
406.00000 28
407.00000 26
408.00000 44
409.00000 44
410.00000 35
411.00000 18
412.00000 27
413.00000 32
414.00000 51
415.00000 37
416.00000 23
417.00000 61
418.00000 33
419.00000 29
420.00000 37
421.00000 36
422.00000 37
423.00000 30
424.00000 44
425.00000 42
426.00000 41
427.00000 35
428.00000 27
429.00000 43
430.00000 36
431.00000 27
432.00000 56
433.00000 29
434.00000 40
435.00000 30
436.00000 23
437.00000 33
438.00000 27
439.00000 20
440.00000 32
441.00000 46
442.00000 33
443.00000 31
444.00000 45
445.00000 45
446.00000 46
447.00000 31
448.00000 48
449.00000 36
450.00000 38
451.00000 53
452.00000 23
453.00000 32
454.00000 35
455.00000 54
456.00000 46
457.00000 29
458.00000 40
459.00000 38
460.00000 26
461.00000 43
462.00000 38
463.00000 37
464.00000 47
465.00000 51
466.00000 47
467.00000 34
468.00000 40
469.00000 43
470.00000 41
471.00000 55
472.00000 43
473.00000 69
474.00000 44
475.00000 33
476.00000 30
477.00000 66
478.00000 31
479.00000 38
480.00000 36
481.00000 49
482.00000 19
483.00000 51
484.00000 51
485.00000 30
486.00000 53
487.00000 36
488.00000 45
489.00000 45
490.00000 43
491.00000 42
492.00000 55
493.00000 65
494.00000 41
495.00000 49
496.00000 52
497.00000 49
498.00000 55
499.00000 51
500.00000 63
501.00000 32
502.00000 42
503.00000 54
504.00000 42
505.00000 66
506.00000 67
507.00000 41
508.00000 43
509.00000 39
510.00000 61
511.00000 50
512.00000 49
513.00000 55
514.00000 49
515.00000 66
516.00000 39
517.00000 56
518.00000 47
519.00000 32
520.00000 40
521.00000 35
522.00000 39
523.00000 65
524.00000 67
525.00000 60
526.00000 48
527.00000 53
528.00000 47
529.00000 39
530.00000 38
531.00000 49
532.00000 73
533.00000 46
534.00000 56
535.00000 37
536.00000 55
537.00000 59
538.00000 40
539.00000 51
540.00000 51
541.00000 25
542.00000 54
543.00000 45
544.00000 66
545.00000 44
546.00000 47
547.00000 53
548.00000 57
549.00000 54
550.00000 50
551.00000 46
552.00000 41
553.00000 46
554.00000 39
555.00000 40
556.00000 43
557.00000 54
558.00000 42
559.00000 33
560.00000 69
561.00000 42
562.00000 60
563.00000 53
564.00000 39
565.00000 46
566.00000 47
567.00000 65
568.00000 62
569.00000 53
570.00000 49
571.00000 55
572.00000 31
573.00000 56
574.00000 46
575.00000 60
576.00000 60
577.00000 62
578.00000 43
579.00000 58
580.00000 61
581.00000 42
582.00000 50
583.00000 62
584.00000 51
585.00000 48
586.00000 34
587.00000 52
588.00000 42
589.00000 52
590.00000 63
591.00000 47
592.00000 44
593.00000 73
594.00000 44
595.00000 61
596.00000 46
597.00000 51
598.00000 53
599.00000 44
600.00000 46
601.00000 66
602.00000 48
603.00000 33
604.00000 72
605.00000 46
606.00000 69
607.00000 41
608.00000 57
609.00000 51
610.00000 44
611.00000 56
612.00000 62
613.00000 63
614.00000 61
615.00000 58
616.00000 49
617.00000 46
618.00000 25
619.00000 53
620.00000 43
621.00000 34
622.00000 32
623.00000 39
624.00000 53
625.00000 42
626.00000 31
627.00000 65
628.00000 49
629.00000 45
630.00000 49
631.00000 39
632.00000 48
633.00000 77
634.00000 51
635.00000 47
636.00000 59
637.00000 69
638.00000 53
639.00000 48
640.00000 42
641.00000 51
642.00000 59
643.00000 54
644.00000 53
645.00000 69
646.00000 62
647.00000 37
648.00000 61
649.00000 61
650.00000 54
651.00000 51
652.00000 47
653.00000 48
654.00000 51
655.00000 45
656.00000 59
657.00000 57
658.00000 40
659.00000 46
660.00000 39
661.00000 67
662.00000 47
663.00000 52
664.00000 50
665.00000 69
666.00000 81
667.00000 64
668.00000 63
669.00000 67
670.00000 56
671.00000 80
672.00000 59
673.00000 62
674.00000 66
675.00000 62
676.00000 41
677.00000 52
678.00000 69
679.00000 70
680.00000 44
681.00000 49
682.00000 55
683.00000 62
684.00000 63
685.00000 46
686.00000 69
687.00000 60
688.00000 61
689.00000 60
690.00000 59
691.00000 61
692.00000 66
693.00000 58
694.00000 51
695.00000 63
696.00000 53
697.00000 61
698.00000 82
699.00000 50
700.00000 59
701.00000 73
702.00000 55
703.00000 52
704.00000 64
705.00000 65
706.00000 68
707.00000 67
708.00000 67
709.00000 72
710.00000 61
711.00000 75
712.00000 58
713.00000 74
714.00000 67
715.00000 49
716.00000 68
717.00000 64
718.00000 62
719.00000 73
720.00000 70
721.00000 73
722.00000 66
723.00000 90
724.00000 66
725.00000 66
726.00000 62
727.00000 65
728.00000 72
729.00000 63
730.00000 63
731.00000 74
732.00000 67
733.00000 64
734.00000 71
735.00000 67
736.00000 80
737.00000 72
738.00000 62
739.00000 77
740.00000 90
741.00000 77
742.00000 68
743.00000 47
744.00000 68
745.00000 56
746.00000 87
747.00000 71
748.00000 86
749.00000 68
750.00000 91
751.00000 69
752.00000 68
753.00000 75
754.00000 77
755.00000 68
756.00000 88
757.00000 68
758.00000 80
759.00000 87
760.00000 77
761.00000 77
762.00000 65
763.00000 82
764.00000 82
765.00000 72
766.00000 74
767.00000 73
768.00000 82
769.00000 78
770.00000 97
771.00000 85
772.00000 70
773.00000 91
774.00000 67
775.00000 90
776.00000 84
777.00000 72
778.00000 92
779.00000 73
780.00000 70
781.00000 106
782.00000 103
783.00000 103
784.00000 72
785.00000 76
786.00000 59
787.00000 78
788.00000 80
789.00000 87
790.00000 70
791.00000 77
792.00000 66
793.00000 77
794.00000 81
795.00000 81
796.00000 56
797.00000 89
798.00000 84
799.00000 79
800.00000 82
801.00000 69
802.00000 77
803.00000 76
804.00000 69
805.00000 59
806.00000 82
807.00000 70
808.00000 65
809.00000 75
810.00000 62
811.00000 74
812.00000 69
813.00000 76
814.00000 84
815.00000 83
816.00000 73
817.00000 79
818.00000 83
819.00000 64
820.00000 82
821.00000 76
822.00000 86
823.00000 72
824.00000 79
825.00000 72
826.00000 74
827.00000 69
828.00000 83
829.00000 60
830.00000 67
831.00000 59
832.00000 90
833.00000 80
834.00000 79
835.00000 87
836.00000 90
837.00000 76
838.00000 61
839.00000 84
840.00000 70
841.00000 71
842.00000 77
843.00000 73
844.00000 88
845.00000 68
846.00000 76
847.00000 67
848.00000 71
849.00000 79
850.00000 75
851.00000 80
852.00000 65
853.00000 80
854.00000 65
855.00000 66
856.00000 73
857.00000 84
858.00000 89
859.00000 54
860.00000 84
861.00000 56
862.00000 68
863.00000 67
864.00000 82
865.00000 71
866.00000 52
867.00000 90
868.00000 85
869.00000 77
870.00000 61
871.00000 82
872.00000 87
873.00000 68
874.00000 86
875.00000 65
876.00000 76
877.00000 63
878.00000 69
879.00000 68
880.00000 85
881.00000 84
882.00000 71
883.00000 71
884.00000 70
885.00000 57
886.00000 61
887.00000 79
888.00000 69
889.00000 71
890.00000 59
891.00000 85
892.00000 56
893.00000 70
894.00000 76
895.00000 62
896.00000 75
897.00000 84
898.00000 71
899.00000 81
900.00000 82
901.00000 59
902.00000 65
903.00000 76
904.00000 79
905.00000 72
906.00000 70
907.00000 68
908.00000 85
909.00000 68
910.00000 79
911.00000 74
912.00000 68
913.00000 66
914.00000 54
915.00000 57
916.00000 56
917.00000 84
918.00000 74
919.00000 71
920.00000 71
921.00000 51
922.00000 86
923.00000 61
924.00000 59
925.00000 69
926.00000 60
927.00000 69
928.00000 64
929.00000 71
930.00000 85
931.00000 55
932.00000 60
933.00000 87
934.00000 74
935.00000 69
936.00000 72
937.00000 75
938.00000 90
939.00000 78
940.00000 82
941.00000 66
942.00000 73
943.00000 76
944.00000 67
945.00000 75
946.00000 57
947.00000 78
948.00000 83
949.00000 73
950.00000 74
951.00000 66
952.00000 72
953.00000 62
954.00000 58
955.00000 64
956.00000 67
957.00000 68
958.00000 80
959.00000 85
960.00000 71
961.00000 61
962.00000 65
963.00000 78
964.00000 63
965.00000 64
966.00000 75
967.00000 86
968.00000 48
969.00000 65
970.00000 82
971.00000 88
972.00000 82
973.00000 96
974.00000 73
975.00000 75
976.00000 58
977.00000 62
978.00000 59
979.00000 64
980.00000 71
981.00000 74
982.00000 77
983.00000 69
984.00000 53
985.00000 66
986.00000 79
987.00000 62
988.00000 68
989.00000 69
990.00000 62
991.00000 72
992.00000 75
993.00000 65
994.00000 71
995.00000 67
996.00000 81
997.00000 77
998.00000 69
999.00000 77
1000.00000 74
1001.00000 73
1002.00000 70
1003.00000 76
1004.00000 64
1005.00000 79
1006.00000 59
1007.00000 85
1008.00000 64
1009.00000 69
1010.00000 68
1011.00000 50
1012.00000 59
1013.00000 64
1014.00000 64
1015.00000 69
1016.00000 68
1017.00000 74
1018.00000 63
1019.00000 77
1020.00000 62
1021.00000 59
1022.00000 58
1023.00000 84
1024.00000 81
1025.00000 72
1026.00000 79
1027.00000 68
1028.00000 63
1029.00000 59
1030.00000 74
1031.00000 62
1032.00000 60
1033.00000 54
1034.00000 77
1035.00000 71
1036.00000 58
1037.00000 64
1038.00000 59
1039.00000 77
1040.00000 70
1041.00000 81
1042.00000 67
1043.00000 60
1044.00000 72
1045.00000 54
1046.00000 66
1047.00000 64
1048.00000 67
1049.00000 66
1050.00000 61
1051.00000 62
1052.00000 63
1053.00000 66
1054.00000 71
1055.00000 42
1056.00000 55
1057.00000 63
1058.00000 71
1059.00000 75
1060.00000 57
1061.00000 64
1062.00000 52
1063.00000 57
1064.00000 72
1065.00000 71
1066.00000 58
1067.00000 69
1068.00000 64
1069.00000 62
1070.00000 59
1071.00000 60
1072.00000 55
1073.00000 63
1074.00000 60
1075.00000 56
1076.00000 48
1077.00000 55
1078.00000 51
1079.00000 58
1080.00000 68
1081.00000 65
1082.00000 45
1083.00000 49
1084.00000 54
1085.00000 49
1086.00000 58
1087.00000 54
1088.00000 57
1089.00000 62
1090.00000 67
1091.00000 51
1092.00000 63
1093.00000 65
1094.00000 64
1095.00000 68
1096.00000 68
1097.00000 49
1098.00000 60
1099.00000 61
1100.00000 73
1101.00000 56
1102.00000 73
1103.00000 55
1104.00000 55
1105.00000 60
1106.00000 55
1107.00000 70
1108.00000 60
1109.00000 54
1110.00000 57
1111.00000 56
1112.00000 57
1113.00000 57
1114.00000 54
1115.00000 68
1116.00000 61
1117.00000 59
1118.00000 57
1119.00000 49
1120.00000 51
1121.00000 67
1122.00000 59
1123.00000 72
1124.00000 54
1125.00000 59
1126.00000 62
1127.00000 60
1128.00000 70
1129.00000 51
1130.00000 59
1131.00000 58
1132.00000 61
1133.00000 58
1134.00000 49
1135.00000 42
1136.00000 68
1137.00000 63
1138.00000 51
1139.00000 58
1140.00000 51
1141.00000 73
1142.00000 61
1143.00000 53
1144.00000 82
1145.00000 56
1146.00000 46
1147.00000 52
1148.00000 59
1149.00000 61
1150.00000 56
1151.00000 66
1152.00000 62
1153.00000 59
1154.00000 58
1155.00000 62
1156.00000 57
1157.00000 52
1158.00000 56
1159.00000 53
1160.00000 50
1161.00000 34
1162.00000 59
1163.00000 59
1164.00000 62
1165.00000 59
1166.00000 73
1167.00000 52
1168.00000 52
1169.00000 58
1170.00000 71
1171.00000 58
1172.00000 61
1173.00000 54
1174.00000 60
1175.00000 62
1176.00000 57
1177.00000 64
1178.00000 53
1179.00000 60
1180.00000 53
1181.00000 60
1182.00000 49
1183.00000 69
1184.00000 58
1185.00000 63
1186.00000 60
1187.00000 53
1188.00000 59
1189.00000 65
1190.00000 54
1191.00000 57
1192.00000 62
1193.00000 66
1194.00000 65
1195.00000 53
1196.00000 51
1197.00000 68
1198.00000 60
1199.00000 58
1200.00000 63
1201.00000 54
1202.00000 56
1203.00000 50
1204.00000 71
1205.00000 55
1206.00000 59
1207.00000 56
1208.00000 57
1209.00000 58
1210.00000 48
1211.00000 51
1212.00000 73
1213.00000 74
1214.00000 66
1215.00000 62
1216.00000 58
1217.00000 51
1218.00000 53
1219.00000 67
1220.00000 53
1221.00000 45
1222.00000 68
1223.00000 51
1224.00000 52
1225.00000 53
1226.00000 64
1227.00000 55
1228.00000 36
1229.00000 59
1230.00000 68
1231.00000 49
1232.00000 54
1233.00000 49
1234.00000 51
1235.00000 53
1236.00000 61
1237.00000 68
1238.00000 51
1239.00000 49
1240.00000 49
1241.00000 61
1242.00000 41
1243.00000 61
1244.00000 53
1245.00000 54
1246.00000 49
1247.00000 60
1248.00000 58
1249.00000 52
1250.00000 50
1251.00000 66
1252.00000 42
1253.00000 55
1254.00000 59
1255.00000 57
1256.00000 36
1257.00000 47
1258.00000 46
1259.00000 62
1260.00000 45
1261.00000 66
1262.00000 59
1263.00000 70
1264.00000 51
1265.00000 47
1266.00000 59
1267.00000 51
1268.00000 68
1269.00000 51
1270.00000 74
1271.00000 60
1272.00000 67
1273.00000 61
1274.00000 56
1275.00000 73
1276.00000 52
1277.00000 54
1278.00000 55
1279.00000 58
1280.00000 50
1281.00000 60
1282.00000 54
1283.00000 54
1284.00000 64
1285.00000 63
1286.00000 40
1287.00000 64
1288.00000 48
1289.00000 42
1290.00000 65
1291.00000 43
1292.00000 60
1293.00000 49
1294.00000 70
1295.00000 46
1296.00000 65
1297.00000 68
1298.00000 47
1299.00000 52
1300.00000 55
1301.00000 49
1302.00000 45
1303.00000 46
1304.00000 49
1305.00000 45
1306.00000 48
1307.00000 43
1308.00000 46
1309.00000 44
1310.00000 48
1311.00000 44
1312.00000 61
1313.00000 47
1314.00000 66
1315.00000 51
1316.00000 58
1317.00000 51
1318.00000 56
1319.00000 54
1320.00000 47
1321.00000 47
1322.00000 54
1323.00000 65
1324.00000 63
1325.00000 38
1326.00000 38
1327.00000 47
1328.00000 54
1329.00000 50
1330.00000 44
1331.00000 49
1332.00000 50
1333.00000 53
1334.00000 53
1335.00000 63
1336.00000 55
1337.00000 61
1338.00000 55
1339.00000 57
1340.00000 58
1341.00000 48
1342.00000 51
1343.00000 51
1344.00000 57
1345.00000 48
1346.00000 63
1347.00000 67
1348.00000 54
1349.00000 41
1350.00000 61
1351.00000 64
1352.00000 53
1353.00000 59
1354.00000 53
1355.00000 69
1356.00000 47
1357.00000 44
1358.00000 59
1359.00000 53
1360.00000 50
1361.00000 54
1362.00000 53
1363.00000 55
1364.00000 46
1365.00000 42
1366.00000 45
1367.00000 49
1368.00000 39
1369.00000 44
1370.00000 42
1371.00000 49
1372.00000 48
1373.00000 43
1374.00000 45
1375.00000 46
1376.00000 54
1377.00000 54
1378.00000 38
1379.00000 39
1380.00000 44
1381.00000 41
1382.00000 56
1383.00000 59
1384.00000 40
1385.00000 45
1386.00000 44
1387.00000 31
1388.00000 35
1389.00000 53
1390.00000 59
1391.00000 46
1392.00000 56
1393.00000 44
1394.00000 28
1395.00000 46
1396.00000 42
1397.00000 40
1398.00000 48
1399.00000 36
1400.00000 46
1401.00000 45
1402.00000 50
1403.00000 36
1404.00000 23
1405.00000 44
1406.00000 46
1407.00000 44
1408.00000 31
1409.00000 35
1410.00000 49
1411.00000 29
1412.00000 40
1413.00000 39
1414.00000 39
1415.00000 38
1416.00000 28
1417.00000 42
1418.00000 35
1419.00000 34
1420.00000 39
1421.00000 39
1422.00000 42
1423.00000 34
1424.00000 32
1425.00000 39
1426.00000 43
1427.00000 36
1428.00000 28
1429.00000 39
1430.00000 32
1431.00000 37
1432.00000 29
1433.00000 35
1434.00000 41
1435.00000 24
1436.00000 33
1437.00000 43
1438.00000 36
1439.00000 50
1440.00000 23
1441.00000 26
1442.00000 24
1443.00000 32
1444.00000 22
1445.00000 36
1446.00000 35
1447.00000 32
1448.00000 29
1449.00000 41
1450.00000 22
1451.00000 35
1452.00000 38
1453.00000 44
1454.00000 27
1455.00000 33
1456.00000 33
1457.00000 27
1458.00000 40
1459.00000 35
1460.00000 28
1461.00000 33
1462.00000 31
1463.00000 26
1464.00000 27
1465.00000 34
1466.00000 31
1467.00000 20
1468.00000 25
1469.00000 23
1470.00000 25
1471.00000 37
1472.00000 35
1473.00000 43
1474.00000 18
1475.00000 19
1476.00000 28
1477.00000 28
1478.00000 25
1479.00000 39
1480.00000 32
1481.00000 26
1482.00000 21
1483.00000 36
1484.00000 32
1485.00000 15
1486.00000 17
1487.00000 31
1488.00000 27
1489.00000 37
1490.00000 28
1491.00000 29
1492.00000 22
1493.00000 23
1494.00000 25
1495.00000 26
1496.00000 25
1497.00000 34
1498.00000 17
1499.00000 21
1500.00000 30
1501.00000 26
1502.00000 21
1503.00000 21
1504.00000 28
1505.00000 26
1506.00000 24
1507.00000 26
1508.00000 31
1509.00000 26
1510.00000 25
1511.00000 15
1512.00000 26
1513.00000 28
1514.00000 21
1515.00000 23
1516.00000 19
1517.00000 29
1518.00000 16
1519.00000 26
1520.00000 25
1521.00000 21
1522.00000 14
1523.00000 31
1524.00000 24
1525.00000 27
1526.00000 24
1527.00000 26
1528.00000 24
1529.00000 29
1530.00000 20
1531.00000 30
1532.00000 31
1533.00000 24
1534.00000 20
1535.00000 18
1536.00000 30
1537.00000 16
1538.00000 27
1539.00000 24
1540.00000 19
1541.00000 19
1542.00000 22
1543.00000 14
1544.00000 25
1545.00000 18
1546.00000 25
1547.00000 33
1548.00000 31
1549.00000 29
1550.00000 35
1551.00000 14
1552.00000 23
1553.00000 22
1554.00000 24
1555.00000 16
1556.00000 23
1557.00000 19
1558.00000 23
1559.00000 24
1560.00000 23
1561.00000 23
1562.00000 23
1563.00000 21
1564.00000 23
1565.00000 22
1566.00000 30
1567.00000 31
1568.00000 17
1569.00000 35
1570.00000 27
1571.00000 29
1572.00000 24
1573.00000 18
1574.00000 17
1575.00000 23
1576.00000 29
1577.00000 15
1578.00000 24
1579.00000 30
1580.00000 15
1581.00000 25
1582.00000 37
1583.00000 21
1584.00000 19
1585.00000 27
1586.00000 18
1587.00000 34
1588.00000 23
1589.00000 25
1590.00000 18
1591.00000 25
1592.00000 11
1593.00000 19
1594.00000 32
1595.00000 18
1596.00000 32
1597.00000 18
1598.00000 21
1599.00000 20
1600.00000 24
1601.00000 20
1602.00000 21
1603.00000 14
1604.00000 21
1605.00000 22
1606.00000 15
1607.00000 24
1608.00000 19
1609.00000 28
1610.00000 20
1611.00000 19
1612.00000 16
1613.00000 20
1614.00000 24
1615.00000 26
1616.00000 24
1617.00000 18
1618.00000 21
1619.00000 23
1620.00000 25
1621.00000 15
1622.00000 23
1623.00000 11
1624.00000 34
1625.00000 16
1626.00000 23
1627.00000 22
1628.00000 32
1629.00000 24
1630.00000 23
1631.00000 19
1632.00000 28
1633.00000 22
1634.00000 33
1635.00000 29
1636.00000 21
1637.00000 25
1638.00000 26
1639.00000 19
1640.00000 26
1641.00000 22
1642.00000 20
1643.00000 23
1644.00000 24
1645.00000 26
1646.00000 19
1647.00000 25
1648.00000 15
1649.00000 21
1650.00000 22
1651.00000 20
1652.00000 18
1653.00000 17
1654.00000 19
1655.00000 14
1656.00000 14
1657.00000 19
1658.00000 22
1659.00000 14
1660.00000 21
1661.00000 22
1662.00000 23
1663.00000 19
1664.00000 28
1665.00000 16
1666.00000 20
1667.00000 22
1668.00000 20
1669.00000 19
1670.00000 30
1671.00000 15
1672.00000 26
1673.00000 16
1674.00000 18
1675.00000 19
1676.00000 15
1677.00000 25
1678.00000 19
1679.00000 20
1680.00000 19
1681.00000 22
1682.00000 23
1683.00000 22
1684.00000 20
1685.00000 19
1686.00000 25
1687.00000 16
1688.00000 13
1689.00000 16
1690.00000 15
1691.00000 13
1692.00000 20
1693.00000 20
1694.00000 25
1695.00000 16
1696.00000 20
1697.00000 22
1698.00000 14
1699.00000 13
1700.00000 31
1701.00000 18
1702.00000 20
1703.00000 23
1704.00000 20
1705.00000 25
1706.00000 25
1707.00000 13
1708.00000 20
1709.00000 25
1710.00000 23
1711.00000 23
1712.00000 11
1713.00000 16
1714.00000 17
1715.00000 16
1716.00000 24
1717.00000 16
1718.00000 20
1719.00000 14
1720.00000 22
1721.00000 18
1722.00000 23
1723.00000 15
1724.00000 26
1725.00000 14
1726.00000 17
1727.00000 19
1728.00000 24
1729.00000 19
1730.00000 19
1731.00000 22
1732.00000 30
1733.00000 16
1734.00000 15
1735.00000 19
1736.00000 25
1737.00000 25
1738.00000 16
1739.00000 6
1740.00000 23
1741.00000 16
1742.00000 22
1743.00000 22
1744.00000 17
1745.00000 20
1746.00000 21
1747.00000 15
1748.00000 16
1749.00000 19
1750.00000 21
1751.00000 11
1752.00000 23
1753.00000 19
1754.00000 20
1755.00000 14
1756.00000 33
1757.00000 20
1758.00000 21
1759.00000 19
1760.00000 21
1761.00000 15
1762.00000 15
1763.00000 16
1764.00000 17
1765.00000 24
1766.00000 21
1767.00000 13
1768.00000 23
1769.00000 16
1770.00000 14
1771.00000 20
1772.00000 28
1773.00000 17
1774.00000 17
1775.00000 16
1776.00000 20
1777.00000 14
1778.00000 19
1779.00000 18
1780.00000 18
1781.00000 22
1782.00000 21
1783.00000 17
1784.00000 22
1785.00000 20
1786.00000 24
1787.00000 19
1788.00000 16
1789.00000 19
1790.00000 13
1791.00000 24
1792.00000 22
1793.00000 19
1794.00000 16
1795.00000 20
1796.00000 10
1797.00000 26
1798.00000 20
1799.00000 21
1800.00000 25
1801.00000 24
1802.00000 28
1803.00000 16
1804.00000 17
1805.00000 16
1806.00000 17
1807.00000 19
1808.00000 22
1809.00000 18
1810.00000 21
1811.00000 24
1812.00000 13
1813.00000 13
1814.00000 18
1815.00000 21
1816.00000 16
1817.00000 23
1818.00000 22
1819.00000 10
1820.00000 10
1821.00000 21
1822.00000 20
1823.00000 16
1824.00000 9
1825.00000 12
1826.00000 17
1827.00000 19
1828.00000 14
1829.00000 27
1830.00000 20
1831.00000 27
1832.00000 15
1833.00000 21
1834.00000 19
1835.00000 24
1836.00000 22
1837.00000 24
1838.00000 17
1839.00000 22
1840.00000 7
1841.00000 23
1842.00000 19
1843.00000 26
1844.00000 15
1845.00000 27
1846.00000 22
1847.00000 18
1848.00000 25
1849.00000 19
1850.00000 13
1851.00000 27
1852.00000 21
1853.00000 20
1854.00000 16
1855.00000 26
1856.00000 21
1857.00000 25
1858.00000 12
1859.00000 27
1860.00000 27
1861.00000 28
1862.00000 13
1863.00000 14
1864.00000 12
1865.00000 23
1866.00000 16
1867.00000 30
1868.00000 21
1869.00000 20
1870.00000 20
1871.00000 17
1872.00000 15
1873.00000 14
1874.00000 26
1875.00000 21
1876.00000 23
1877.00000 26
1878.00000 21
1879.00000 18
1880.00000 28
1881.00000 30
1882.00000 19
1883.00000 18
1884.00000 13
1885.00000 18
1886.00000 19
1887.00000 23
1888.00000 22
1889.00000 20
1890.00000 17
1891.00000 23
1892.00000 17
1893.00000 20
1894.00000 21
1895.00000 20
1896.00000 25
1897.00000 15
1898.00000 23
1899.00000 22
1900.00000 19
1901.00000 25
1902.00000 11
1903.00000 26
1904.00000 19
1905.00000 22
1906.00000 26
1907.00000 16
1908.00000 25
1909.00000 23
1910.00000 22
1911.00000 33
1912.00000 16
1913.00000 12
1914.00000 20
1915.00000 27
1916.00000 31
1917.00000 29
1918.00000 31
1919.00000 21
1920.00000 24
1921.00000 24
1922.00000 17
1923.00000 24
1924.00000 22
1925.00000 13
1926.00000 28
1927.00000 34
1928.00000 21
1929.00000 26
1930.00000 23
1931.00000 37
1932.00000 29
1933.00000 20
1934.00000 22
1935.00000 23
1936.00000 28
1937.00000 37
1938.00000 33
1939.00000 32
1940.00000 23
1941.00000 24
1942.00000 26
1943.00000 35
1944.00000 34
1945.00000 33
1946.00000 35
1947.00000 29
1948.00000 36
1949.00000 20
1950.00000 44
1951.00000 52
1952.00000 49
1953.00000 38
1954.00000 37
1955.00000 48
1956.00000 33
1957.00000 45
1958.00000 35
1959.00000 34
1960.00000 33
1961.00000 45
1962.00000 44
1963.00000 42
1964.00000 46
1965.00000 33
1966.00000 39
1967.00000 43
1968.00000 47
1969.00000 46
1970.00000 51
1971.00000 36
1972.00000 51
1973.00000 53
1974.00000 49
1975.00000 63
1976.00000 68
1977.00000 48
1978.00000 52
1979.00000 58
1980.00000 63
1981.00000 79
1982.00000 60
1983.00000 69
1984.00000 64
1985.00000 78
1986.00000 62
1987.00000 73
1988.00000 77
1989.00000 74
1990.00000 77
1991.00000 69
1992.00000 88
1993.00000 85
1994.00000 83
1995.00000 85
1996.00000 79
1997.00000 81
1998.00000 82
1999.00000 111
2000.00000 96
2001.00000 99
2002.00000 91
2003.00000 97
2004.00000 92
2005.00000 97
2006.00000 100
2007.00000 100
2008.00000 108
2009.00000 117
2010.00000 116
2011.00000 115
2012.00000 122
2013.00000 134
2014.00000 138
2015.00000 118
2016.00000 133
2017.00000 113
2018.00000 138
2019.00000 116
2020.00000 142
2021.00000 133
2022.00000 130
2023.00000 132
2024.00000 157
2025.00000 157
2026.00000 164
2027.00000 160
2028.00000 154
2029.00000 161
2030.00000 163
2031.00000 171
2032.00000 168
2033.00000 155
2034.00000 158
2035.00000 187
2036.00000 211
2037.00000 193
2038.00000 195
2039.00000 202
2040.00000 214
2041.00000 169
2042.00000 178
2043.00000 181
2044.00000 229
2045.00000 244
2046.00000 239
2047.00000 200
2048.00000 214
2049.00000 201
2050.00000 195
2051.00000 226
2052.00000 235
2053.00000 217
2054.00000 187
2055.00000 230
2056.00000 238
2057.00000 215
2058.00000 240
2059.00000 241
2060.00000 232
2061.00000 264
2062.00000 246
2063.00000 295
2064.00000 256
2065.00000 256
2066.00000 270
2067.00000 282
2068.00000 279
2069.00000 276
2070.00000 289
2071.00000 309
2072.00000 295
2073.00000 298
2074.00000 346
2075.00000 307
2076.00000 304
2077.00000 306
2078.00000 296
2079.00000 284
2080.00000 309
2081.00000 308
2082.00000 332
2083.00000 314
2084.00000 329
2085.00000 324
2086.00000 320
2087.00000 354
2088.00000 342
2089.00000 350
2090.00000 292
2091.00000 337
2092.00000 327
2093.00000 309
2094.00000 343
2095.00000 333
2096.00000 343
2097.00000 375
2098.00000 335
2099.00000 324
2100.00000 337
2101.00000 327
2102.00000 333
2103.00000 344
2104.00000 342
2105.00000 362
2106.00000 333
2107.00000 389
2108.00000 328
2109.00000 362
2110.00000 372
2111.00000 374
2112.00000 369
2113.00000 338
2114.00000 390
2115.00000 373
2116.00000 332
2117.00000 340
2118.00000 362
2119.00000 362
2120.00000 336
2121.00000 343
2122.00000 350
2123.00000 350
2124.00000 383
2125.00000 355
2126.00000 317
2127.00000 371
2128.00000 367
2129.00000 347
2130.00000 337
2131.00000 388
2132.00000 372
2133.00000 364
2134.00000 368
2135.00000 367
2136.00000 337
2137.00000 335
2138.00000 376
2139.00000 366
2140.00000 333
2141.00000 318
2142.00000 337
2143.00000 365
2144.00000 304
2145.00000 318
2146.00000 313
2147.00000 295
2148.00000 345
2149.00000 288
2150.00000 317
2151.00000 321
2152.00000 309
2153.00000 311
2154.00000 327
2155.00000 293
2156.00000 290
2157.00000 295
2158.00000 321
2159.00000 321
2160.00000 283
2161.00000 275
2162.00000 285
2163.00000 281
2164.00000 265
2165.00000 252
2166.00000 286
2167.00000 269
2168.00000 247
2169.00000 253
2170.00000 274
2171.00000 286
2172.00000 265
2173.00000 218
2174.00000 240
2175.00000 263
2176.00000 214
2177.00000 255
2178.00000 222
2179.00000 223
2180.00000 244
2181.00000 203
2182.00000 215
2183.00000 198
2184.00000 218
2185.00000 189
2186.00000 203
2187.00000 196
2188.00000 180
2189.00000 182
2190.00000 176
2191.00000 194
2192.00000 189
2193.00000 194
2194.00000 197
2195.00000 185
2196.00000 176
2197.00000 142
2198.00000 161
2199.00000 168
2200.00000 144
2201.00000 146
2202.00000 139
2203.00000 153
2204.00000 158
2205.00000 158
2206.00000 149
2207.00000 128
2208.00000 128
2209.00000 110
2210.00000 146
2211.00000 131
2212.00000 131
2213.00000 98
2214.00000 137
2215.00000 101
2216.00000 103
2217.00000 104
2218.00000 130
2219.00000 111
2220.00000 117
2221.00000 106
2222.00000 90
2223.00000 89
2224.00000 118
2225.00000 85
2226.00000 94
2227.00000 107
2228.00000 73
2229.00000 75
2230.00000 89
2231.00000 72
2232.00000 82
2233.00000 58
2234.00000 67
2235.00000 60
2236.00000 63
2237.00000 69
2238.00000 52
2239.00000 50
2240.00000 54
2241.00000 45
2242.00000 55
2243.00000 68
2244.00000 48
2245.00000 42
2246.00000 41
2247.00000 52
2248.00000 33
2249.00000 36
2250.00000 40
2251.00000 51
2252.00000 43
2253.00000 39
2254.00000 37
2255.00000 25
2256.00000 40
2257.00000 33
2258.00000 31
2259.00000 29
2260.00000 39
2261.00000 39
2262.00000 33
2263.00000 29
2264.00000 30
2265.00000 35
2266.00000 21
2267.00000 25
2268.00000 28
2269.00000 26
2270.00000 23
2271.00000 34
2272.00000 17
2273.00000 20
2274.00000 14
2275.00000 25
2276.00000 18
2277.00000 22
2278.00000 11
2279.00000 21
2280.00000 28
2281.00000 22
2282.00000 10
2283.00000 21
2284.00000 17
2285.00000 16
2286.00000 14
2287.00000 18
2288.00000 15
2289.00000 20
2290.00000 14
2291.00000 12
2292.00000 17
2293.00000 16
2294.00000 11
2295.00000 11
2296.00000 15
2297.00000 11
2298.00000 16
2299.00000 13
2300.00000 14
2301.00000 13
2302.00000 12
2303.00000 15
2304.00000 11
2305.00000 10
2306.00000 11
2307.00000 11
2308.00000 15
2309.00000 16
2310.00000 13
2311.00000 22
2312.00000 11
2313.00000 14
2314.00000 16
2315.00000 8
2316.00000 13
2317.00000 19
2318.00000 12
2319.00000 12
2320.00000 9
2321.00000 10
2322.00000 12
2323.00000 17
2324.00000 7
2325.00000 15
2326.00000 7
2327.00000 10
2328.00000 13
2329.00000 9
2330.00000 13
2331.00000 11
2332.00000 16
2333.00000 10
2334.00000 13
2335.00000 15
2336.00000 12
2337.00000 3
2338.00000 14
2339.00000 14
2340.00000 14
2341.00000 8
2342.00000 14
2343.00000 8
2344.00000 8
2345.00000 10
2346.00000 16
2347.00000 5
2348.00000 15
2349.00000 11
2350.00000 8
2351.00000 13
2352.00000 10
2353.00000 11
2354.00000 10
2355.00000 15
2356.00000 12
2357.00000 14
2358.00000 5
2359.00000 10
2360.00000 12
2361.00000 8
2362.00000 9
2363.00000 12
2364.00000 12
2365.00000 13
2366.00000 11
2367.00000 16
2368.00000 8
2369.00000 12
2370.00000 15
2371.00000 8
2372.00000 4
2373.00000 10
2374.00000 12
2375.00000 10
2376.00000 8
2377.00000 9
2378.00000 12
2379.00000 11
2380.00000 14
2381.00000 8
2382.00000 8
2383.00000 13
2384.00000 13
2385.00000 12
2386.00000 10
2387.00000 14
2388.00000 17
2389.00000 16
2390.00000 11
2391.00000 11
2392.00000 8
2393.00000 2
2394.00000 13
2395.00000 6
2396.00000 16
2397.00000 11
2398.00000 9
2399.00000 14
2400.00000 16
2401.00000 9
2402.00000 11
2403.00000 7
2404.00000 5
2405.00000 14
2406.00000 6
2407.00000 9
2408.00000 8
2409.00000 9
2410.00000 9
2411.00000 9
2412.00000 9
2413.00000 7
2414.00000 6
2415.00000 13
2416.00000 13
2417.00000 7
2418.00000 13
2419.00000 6
2420.00000 10
2421.00000 8
2422.00000 10
2423.00000 14
2424.00000 8
2425.00000 5
2426.00000 12
2427.00000 14
2428.00000 16
2429.00000 10
2430.00000 9
2431.00000 9
2432.00000 11
2433.00000 12
2434.00000 10
2435.00000 9
2436.00000 6
2437.00000 11
2438.00000 10
2439.00000 10
2440.00000 11
2441.00000 9
2442.00000 11
2443.00000 7
2444.00000 12
2445.00000 5
2446.00000 7
2447.00000 13
2448.00000 12
2449.00000 10
2450.00000 12
2451.00000 12
2452.00000 9
2453.00000 10
2454.00000 9
2455.00000 13
2456.00000 7
2457.00000 14
2458.00000 12
2459.00000 10
2460.00000 10
2461.00000 17
2462.00000 9
2463.00000 10
2464.00000 6
2465.00000 10
2466.00000 7
2467.00000 17
2468.00000 15
2469.00000 9
2470.00000 6
2471.00000 5
2472.00000 6
2473.00000 10
2474.00000 7
2475.00000 10
2476.00000 11
2477.00000 5
2478.00000 16
2479.00000 7
2480.00000 9
2481.00000 10
2482.00000 13
2483.00000 11
2484.00000 12
2485.00000 12
2486.00000 14
2487.00000 8
2488.00000 8
2489.00000 6
2490.00000 10
2491.00000 19
2492.00000 5
2493.00000 4
2494.00000 10
2495.00000 16
2496.00000 10
2497.00000 8
2498.00000 13
2499.00000 18
2500.00000 6
2501.00000 6
2502.00000 8
2503.00000 7
2504.00000 7
2505.00000 9
2506.00000 10
2507.00000 9
2508.00000 12
2509.00000 2
2510.00000 9
2511.00000 11
2512.00000 5
2513.00000 9
2514.00000 5
2515.00000 15
2516.00000 6
2517.00000 9
2518.00000 8
2519.00000 15
2520.00000 16
2521.00000 10
2522.00000 7
2523.00000 18
2524.00000 12
2525.00000 10
2526.00000 6
2527.00000 10
2528.00000 5
2529.00000 14
2530.00000 15
2531.00000 12
2532.00000 11
2533.00000 9
2534.00000 13
2535.00000 8
2536.00000 8
2537.00000 13
2538.00000 2
2539.00000 7
2540.00000 10
2541.00000 18
2542.00000 9
2543.00000 9
2544.00000 4
2545.00000 19
2546.00000 2
2547.00000 10
2548.00000 7
2549.00000 7
2550.00000 11
2551.00000 7
2552.00000 9
2553.00000 7
2554.00000 13
2555.00000 19
2556.00000 11
2557.00000 8
2558.00000 7
2559.00000 8
2560.00000 17
2561.00000 8
2562.00000 15
2563.00000 5
2564.00000 6
2565.00000 6
2566.00000 16
2567.00000 9
2568.00000 9
2569.00000 10
2570.00000 14
2571.00000 9
2572.00000 10
2573.00000 9
2574.00000 8
2575.00000 9
2576.00000 9
2577.00000 4
2578.00000 9
2579.00000 18
2580.00000 13
2581.00000 17
2582.00000 4
2583.00000 8
2584.00000 14
2585.00000 5
2586.00000 14
2587.00000 6
2588.00000 12
2589.00000 10
2590.00000 9
2591.00000 11
2592.00000 8
2593.00000 10
2594.00000 7
2595.00000 10
2596.00000 10
2597.00000 12
2598.00000 9
2599.00000 11
2600.00000 12
2601.00000 8
2602.00000 6
2603.00000 16
2604.00000 8
2605.00000 13
2606.00000 9
2607.00000 17
2608.00000 4
2609.00000 10
2610.00000 13
2611.00000 8
2612.00000 11
2613.00000 12
2614.00000 16
2615.00000 5
2616.00000 11
2617.00000 11
2618.00000 9
2619.00000 12
2620.00000 7
2621.00000 12
2622.00000 7
2623.00000 10
2624.00000 9
2625.00000 15
2626.00000 11
2627.00000 10
2628.00000 8
2629.00000 3
2630.00000 6
2631.00000 13
2632.00000 14
2633.00000 13
2634.00000 14
2635.00000 7
2636.00000 12
2637.00000 14
2638.00000 24
2639.00000 13
2640.00000 16
2641.00000 9
2642.00000 6
2643.00000 11
2644.00000 7
2645.00000 12
2646.00000 9
2647.00000 11
2648.00000 8
2649.00000 7
2650.00000 9
2651.00000 2
2652.00000 12
2653.00000 13
2654.00000 12
2655.00000 9
2656.00000 11
2657.00000 8
2658.00000 10
2659.00000 4
2660.00000 13
2661.00000 11
2662.00000 7
2663.00000 9
2664.00000 11
2665.00000 6
2666.00000 12
2667.00000 14
2668.00000 8
2669.00000 11
2670.00000 8
2671.00000 5
2672.00000 6
2673.00000 14
2674.00000 7
2675.00000 14
2676.00000 10
2677.00000 17
2678.00000 9
2679.00000 6
2680.00000 9
2681.00000 12
2682.00000 6
2683.00000 13
2684.00000 10
2685.00000 11
2686.00000 10
2687.00000 2
2688.00000 9
2689.00000 10
2690.00000 1
2691.00000 11
2692.00000 20
2693.00000 7
2694.00000 8
2695.00000 7
2696.00000 10
2697.00000 11
2698.00000 11
2699.00000 9
2700.00000 12
2701.00000 4
2702.00000 6
2703.00000 7
2704.00000 8
2705.00000 12
2706.00000 13
2707.00000 5
2708.00000 7
2709.00000 10
2710.00000 10
2711.00000 6
2712.00000 11
2713.00000 12
2714.00000 4
2715.00000 6
2716.00000 8
2717.00000 11
2718.00000 6
2719.00000 6
2720.00000 13
2721.00000 6
2722.00000 14
2723.00000 7
2724.00000 2
2725.00000 7
2726.00000 2
2727.00000 6
2728.00000 6
2729.00000 10
2730.00000 10
2731.00000 15
2732.00000 18
2733.00000 9
2734.00000 10
2735.00000 5
2736.00000 13
2737.00000 8
2738.00000 13
2739.00000 8
2740.00000 8
2741.00000 9
2742.00000 8
2743.00000 9
2744.00000 7
2745.00000 8
2746.00000 10
2747.00000 10
2748.00000 10
2749.00000 9
2750.00000 11
2751.00000 10
2752.00000 7
2753.00000 12
2754.00000 5
2755.00000 7
2756.00000 7
2757.00000 11
2758.00000 13
2759.00000 11
2760.00000 5
2761.00000 8
2762.00000 8
2763.00000 4
2764.00000 11
2765.00000 8
2766.00000 11
2767.00000 11
2768.00000 5
2769.00000 6
2770.00000 9
2771.00000 5
2772.00000 15
2773.00000 6
2774.00000 8
2775.00000 8
2776.00000 11
2777.00000 7
2778.00000 11
2779.00000 14
2780.00000 13
2781.00000 5
2782.00000 2
2783.00000 10
2784.00000 6
2785.00000 10
2786.00000 6
2787.00000 8
2788.00000 8
2789.00000 11
2790.00000 12
2791.00000 10
2792.00000 10
2793.00000 8
2794.00000 15
2795.00000 7
2796.00000 13
2797.00000 6
2798.00000 14
2799.00000 9
2800.00000 11
2801.00000 13
2802.00000 13
2803.00000 12
2804.00000 12
2805.00000 6
2806.00000 10
2807.00000 4
2808.00000 15
2809.00000 12
2810.00000 5
2811.00000 9
2812.00000 9
2813.00000 12
2814.00000 8
2815.00000 7
2816.00000 12
2817.00000 7
2818.00000 12
2819.00000 7
2820.00000 7
2821.00000 13
2822.00000 3
2823.00000 3
2824.00000 10
2825.00000 12
2826.00000 9
2827.00000 12
2828.00000 11
2829.00000 5
2830.00000 5
2831.00000 10
2832.00000 10
2833.00000 9
2834.00000 6
2835.00000 6
2836.00000 8
2837.00000 9
2838.00000 9
2839.00000 8
2840.00000 11
2841.00000 13
2842.00000 10
2843.00000 11
2844.00000 9
2845.00000 9
2846.00000 8
2847.00000 13
2848.00000 8
2849.00000 8
2850.00000 9
2851.00000 10
2852.00000 11
2853.00000 14
2854.00000 9
2855.00000 7
2856.00000 11
2857.00000 10
2858.00000 13
2859.00000 11
2860.00000 5
2861.00000 5
2862.00000 13
2863.00000 10
2864.00000 15
2865.00000 7
2866.00000 11
2867.00000 7
2868.00000 11
2869.00000 8
2870.00000 12
2871.00000 14
2872.00000 6
2873.00000 21
2874.00000 11
2875.00000 11
2876.00000 9
2877.00000 8
2878.00000 8
2879.00000 17
2880.00000 12
2881.00000 4
2882.00000 10
2883.00000 17
2884.00000 11
2885.00000 11
2886.00000 15
2887.00000 8
2888.00000 8
2889.00000 13
2890.00000 6
2891.00000 16
2892.00000 14
2893.00000 9
2894.00000 10
2895.00000 15
2896.00000 14
2897.00000 3
2898.00000 7
2899.00000 7
2900.00000 7
2901.00000 14
2902.00000 14
2903.00000 8
2904.00000 7
2905.00000 8
2906.00000 13
2907.00000 15
2908.00000 5
2909.00000 14
2910.00000 16
2911.00000 14
2912.00000 10
2913.00000 12
2914.00000 12
2915.00000 13
2916.00000 12
2917.00000 16
2918.00000 12
2919.00000 12
2920.00000 14
2921.00000 12
2922.00000 9
2923.00000 9
2924.00000 12
2925.00000 12
2926.00000 14
2927.00000 4
2928.00000 11
2929.00000 5
2930.00000 12
2931.00000 13
2932.00000 5
2933.00000 10
2934.00000 12
2935.00000 8
2936.00000 20
2937.00000 10
2938.00000 12
2939.00000 12
2940.00000 11
2941.00000 13
2942.00000 13
2943.00000 9
2944.00000 7
2945.00000 12
2946.00000 9
2947.00000 13
2948.00000 10
2949.00000 15
2950.00000 11
2951.00000 7
2952.00000 10
2953.00000 8
2954.00000 15
2955.00000 11
2956.00000 12
2957.00000 10
2958.00000 15
2959.00000 7
2960.00000 15
2961.00000 14
2962.00000 13
2963.00000 12
2964.00000 16
2965.00000 12
2966.00000 11
2967.00000 11
2968.00000 12
2969.00000 12
2970.00000 16
2971.00000 8
2972.00000 16
2973.00000 15
2974.00000 7
2975.00000 10
2976.00000 10
2977.00000 11
2978.00000 10
2979.00000 6
2980.00000 8
2981.00000 13
2982.00000 10
2983.00000 17
2984.00000 15
2985.00000 13
2986.00000 9
2987.00000 14
2988.00000 11
2989.00000 13
2990.00000 6
2991.00000 9
2992.00000 10
2993.00000 13
2994.00000 11
2995.00000 13
2996.00000 12
2997.00000 8
2998.00000 5
2999.00000 10
3000.00000 10
3001.00000 7
3002.00000 10
3003.00000 5
3004.00000 17
3005.00000 15
3006.00000 9
3007.00000 14
3008.00000 6
3009.00000 16
3010.00000 13
3011.00000 12
3012.00000 9
3013.00000 11
3014.00000 16
3015.00000 8
3016.00000 7
3017.00000 5
3018.00000 12
3019.00000 10
3020.00000 8
3021.00000 7
3022.00000 9
3023.00000 15
3024.00000 9
3025.00000 9
3026.00000 11
3027.00000 11
3028.00000 7
3029.00000 9
3030.00000 12
3031.00000 10
3032.00000 8
3033.00000 6
3034.00000 8
3035.00000 10
3036.00000 17
3037.00000 3
3038.00000 12
3039.00000 9
3040.00000 7
3041.00000 9
3042.00000 4
3043.00000 12
3044.00000 8
3045.00000 4
3046.00000 10
3047.00000 7
3048.00000 11
3049.00000 12
3050.00000 9
3051.00000 15
3052.00000 7
3053.00000 12
3054.00000 11
3055.00000 16
3056.00000 9
3057.00000 10
3058.00000 8
3059.00000 10
3060.00000 15
3061.00000 12
3062.00000 19
3063.00000 19
3064.00000 16
3065.00000 8
3066.00000 10
3067.00000 11
3068.00000 11
3069.00000 14
3070.00000 8
3071.00000 5
3072.00000 16
3073.00000 8
3074.00000 11
3075.00000 7
3076.00000 9
3077.00000 6
3078.00000 11
3079.00000 11
3080.00000 10
3081.00000 8
3082.00000 6
3083.00000 12
3084.00000 6
3085.00000 12
3086.00000 18
3087.00000 14
3088.00000 6
3089.00000 10
3090.00000 11
3091.00000 9
3092.00000 10
3093.00000 11
3094.00000 12
3095.00000 6
3096.00000 11
3097.00000 10
3098.00000 8
3099.00000 6
3100.00000 9
3101.00000 14
3102.00000 7
3103.00000 0
3104.00000 15
3105.00000 7
3106.00000 7
3107.00000 7
3108.00000 13
3109.00000 5
3110.00000 13
3111.00000 8
3112.00000 8
3113.00000 12
3114.00000 12
3115.00000 11
3116.00000 4
3117.00000 13
3118.00000 7
3119.00000 11
3120.00000 13
3121.00000 10
3122.00000 7
3123.00000 14
3124.00000 4
3125.00000 14
3126.00000 11
3127.00000 14
3128.00000 11
3129.00000 14
3130.00000 15
3131.00000 10
3132.00000 4
3133.00000 10
3134.00000 8
3135.00000 11
3136.00000 15
3137.00000 10
3138.00000 9
3139.00000 5
3140.00000 11
3141.00000 8
3142.00000 16
3143.00000 7
3144.00000 11
3145.00000 7
3146.00000 9
3147.00000 3
3148.00000 9
3149.00000 11
3150.00000 10
3151.00000 12
3152.00000 13
3153.00000 8
3154.00000 11
3155.00000 18
3156.00000 13
3157.00000 12
3158.00000 9
3159.00000 15
3160.00000 9
3161.00000 14
3162.00000 10
3163.00000 7
3164.00000 15
3165.00000 11
3166.00000 10
3167.00000 6
3168.00000 4
3169.00000 15
3170.00000 11
3171.00000 6
3172.00000 5
3173.00000 9
3174.00000 11
3175.00000 3
3176.00000 5
3177.00000 13
3178.00000 15
3179.00000 8
3180.00000 8
3181.00000 15
3182.00000 11
3183.00000 7
3184.00000 12
3185.00000 13
3186.00000 11
3187.00000 5
3188.00000 7
3189.00000 13
3190.00000 14
3191.00000 7
3192.00000 12
3193.00000 11
3194.00000 15
3195.00000 10
3196.00000 14
3197.00000 15
3198.00000 7
3199.00000 10
3200.00000 8
3201.00000 9
3202.00000 9
3203.00000 8
3204.00000 11
3205.00000 6
3206.00000 11
3207.00000 9
3208.00000 13
3209.00000 11
3210.00000 13
3211.00000 9
3212.00000 6
3213.00000 15
3214.00000 10
3215.00000 4
3216.00000 6
3217.00000 12
3218.00000 8
3219.00000 8
3220.00000 10
3221.00000 7
3222.00000 9
3223.00000 13
3224.00000 7
3225.00000 11
3226.00000 10
3227.00000 8
3228.00000 12
3229.00000 13
3230.00000 7
3231.00000 15
3232.00000 7
3233.00000 6
3234.00000 10
3235.00000 6
3236.00000 15
3237.00000 14
3238.00000 7
3239.00000 6
3240.00000 10
3241.00000 15
3242.00000 14
3243.00000 10
3244.00000 13
3245.00000 5
3246.00000 9
3247.00000 7
3248.00000 9
3249.00000 6
3250.00000 11
3251.00000 10
3252.00000 10
3253.00000 7
3254.00000 5
3255.00000 12
3256.00000 9
3257.00000 12
3258.00000 6
3259.00000 3
3260.00000 12
3261.00000 11
3262.00000 14
3263.00000 11
3264.00000 8
3265.00000 10
3266.00000 11
3267.00000 14
3268.00000 14
3269.00000 8
3270.00000 18
3271.00000 6
3272.00000 8
3273.00000 9
3274.00000 9
3275.00000 14
3276.00000 11
3277.00000 14
3278.00000 10
3279.00000 8
3280.00000 7
3281.00000 11
3282.00000 6
3283.00000 10
3284.00000 11
3285.00000 7
3286.00000 11
3287.00000 9
3288.00000 12
3289.00000 6
3290.00000 10
3291.00000 6
3292.00000 17
3293.00000 6
3294.00000 14
3295.00000 10
3296.00000 9
3297.00000 9
3298.00000 11
3299.00000 14
3300.00000 10
3301.00000 13
3302.00000 9
3303.00000 8
3304.00000 15
3305.00000 11
3306.00000 10
3307.00000 6
3308.00000 7
3309.00000 12
3310.00000 12
3311.00000 12
3312.00000 10
3313.00000 11
3314.00000 8
3315.00000 11
3316.00000 14
3317.00000 10
3318.00000 10
3319.00000 12
3320.00000 14
3321.00000 8
3322.00000 11
3323.00000 11
3324.00000 6
3325.00000 11
3326.00000 14
3327.00000 4
3328.00000 6
3329.00000 5
3330.00000 11
3331.00000 13
3332.00000 12
3333.00000 16
3334.00000 12
3335.00000 16
3336.00000 11
3337.00000 6
3338.00000 5
3339.00000 11
3340.00000 8
3341.00000 10
3342.00000 5
3343.00000 7
3344.00000 5
3345.00000 15
3346.00000 10
3347.00000 6
3348.00000 8
3349.00000 8
3350.00000 9
3351.00000 13
3352.00000 5
3353.00000 5
3354.00000 5
3355.00000 9
3356.00000 11
3357.00000 6
3358.00000 7
3359.00000 8
3360.00000 8
3361.00000 8
3362.00000 9
3363.00000 4
3364.00000 9
3365.00000 8
3366.00000 4
3367.00000 17
3368.00000 6
3369.00000 11
3370.00000 6
3371.00000 14
3372.00000 16
3373.00000 4
3374.00000 4
3375.00000 8
3376.00000 11
3377.00000 9
3378.00000 9
3379.00000 10
3380.00000 14
3381.00000 10
3382.00000 20
3383.00000 9
3384.00000 9
3385.00000 9
3386.00000 8
3387.00000 12
3388.00000 10
3389.00000 10
3390.00000 8
3391.00000 6
3392.00000 9
3393.00000 11
3394.00000 12
3395.00000 10
3396.00000 9
3397.00000 3
3398.00000 11
3399.00000 14
3400.00000 6
3401.00000 13
3402.00000 9
3403.00000 20
3404.00000 9
3405.00000 7
3406.00000 8
3407.00000 5
3408.00000 8
3409.00000 11
3410.00000 11
3411.00000 18
3412.00000 6
3413.00000 3
3414.00000 9
3415.00000 13
3416.00000 13
3417.00000 8
3418.00000 8
3419.00000 9
3420.00000 10
3421.00000 8
3422.00000 10
3423.00000 4
3424.00000 19
3425.00000 9
3426.00000 9
3427.00000 6
3428.00000 9
3429.00000 15
3430.00000 9
3431.00000 6
3432.00000 9
3433.00000 15
3434.00000 10
3435.00000 11
3436.00000 11
3437.00000 10
3438.00000 8
3439.00000 8
3440.00000 10
3441.00000 13
3442.00000 10
3443.00000 10
3444.00000 18
3445.00000 6
3446.00000 6
3447.00000 8
3448.00000 6
3449.00000 8
3450.00000 10
3451.00000 14
3452.00000 17
3453.00000 10
3454.00000 14
3455.00000 10
3456.00000 4
3457.00000 5
3458.00000 10
3459.00000 19
3460.00000 7
3461.00000 10
3462.00000 10
3463.00000 6
3464.00000 7
3465.00000 14
3466.00000 10
3467.00000 5
3468.00000 6
3469.00000 13
3470.00000 12
3471.00000 8
3472.00000 6
3473.00000 11
3474.00000 11
3475.00000 8
3476.00000 11
3477.00000 7
3478.00000 6
3479.00000 11
3480.00000 14
3481.00000 14
3482.00000 8
3483.00000 10
3484.00000 10
3485.00000 4
3486.00000 13
3487.00000 14
3488.00000 11
3489.00000 11
3490.00000 12
3491.00000 7
3492.00000 15
3493.00000 7
3494.00000 7
3495.00000 7
3496.00000 9
3497.00000 7
3498.00000 7
3499.00000 9
3500.00000 5
3501.00000 14
3502.00000 10
3503.00000 13
3504.00000 7
3505.00000 18
3506.00000 12
3507.00000 4
3508.00000 14
3509.00000 11
3510.00000 11
3511.00000 7
3512.00000 5
3513.00000 14
3514.00000 11
3515.00000 6
3516.00000 10
3517.00000 13
3518.00000 9
3519.00000 15
3520.00000 10
3521.00000 4
3522.00000 11
3523.00000 8
3524.00000 11
3525.00000 11
3526.00000 10
3527.00000 13
3528.00000 8
3529.00000 14
3530.00000 6
3531.00000 10
3532.00000 11
3533.00000 8
3534.00000 7
3535.00000 7
3536.00000 8
3537.00000 7
3538.00000 6
3539.00000 6
3540.00000 5
3541.00000 8
3542.00000 12
3543.00000 3
3544.00000 6
3545.00000 8
3546.00000 7
3547.00000 12
3548.00000 4
3549.00000 16
3550.00000 8
3551.00000 4
3552.00000 10
3553.00000 6
3554.00000 9
3555.00000 6
3556.00000 9
3557.00000 5
3558.00000 8
3559.00000 5
3560.00000 13
3561.00000 13
3562.00000 7
3563.00000 13
3564.00000 8
3565.00000 8
3566.00000 6
3567.00000 9
3568.00000 7
3569.00000 6
3570.00000 11
3571.00000 5
3572.00000 2
3573.00000 6
3574.00000 5
3575.00000 13
3576.00000 6
3577.00000 13
3578.00000 5
3579.00000 10
3580.00000 10
3581.00000 5
3582.00000 3
3583.00000 16
3584.00000 11
3585.00000 10
3586.00000 6
3587.00000 15
3588.00000 9
3589.00000 10
3590.00000 13
3591.00000 10
3592.00000 15
3593.00000 6
3594.00000 8
3595.00000 6
3596.00000 5
3597.00000 15
3598.00000 8
3599.00000 4
3600.00000 13
3601.00000 15
3602.00000 8
3603.00000 12
3604.00000 8
3605.00000 6
3606.00000 9
3607.00000 7
3608.00000 9
3609.00000 5
3610.00000 11
3611.00000 10
3612.00000 15
3613.00000 2
3614.00000 6
3615.00000 10
3616.00000 12
3617.00000 6
3618.00000 13
3619.00000 9
3620.00000 16
3621.00000 7
3622.00000 10
3623.00000 5
3624.00000 8
3625.00000 6
3626.00000 16
3627.00000 4
3628.00000 8
3629.00000 10
3630.00000 4
3631.00000 10
3632.00000 11
3633.00000 7
3634.00000 10
3635.00000 13
3636.00000 9
3637.00000 10
3638.00000 6
3639.00000 5
3640.00000 7
3641.00000 14
3642.00000 12
3643.00000 3
3644.00000 10
3645.00000 11
3646.00000 6
3647.00000 6
3648.00000 2
3649.00000 10
3650.00000 9
3651.00000 10
3652.00000 4
3653.00000 7
3654.00000 9
3655.00000 11
3656.00000 13
3657.00000 8
3658.00000 12
3659.00000 16
3660.00000 2
3661.00000 2
3662.00000 8
3663.00000 15
3664.00000 8
3665.00000 9
3666.00000 14
3667.00000 5
3668.00000 15
3669.00000 5
3670.00000 4
3671.00000 3
3672.00000 7
3673.00000 10
3674.00000 3
3675.00000 8
3676.00000 8
3677.00000 9
3678.00000 9
3679.00000 12
3680.00000 13
3681.00000 13
3682.00000 6
3683.00000 15
3684.00000 14
3685.00000 8
3686.00000 6
3687.00000 8
3688.00000 9
3689.00000 10
3690.00000 8
3691.00000 8
3692.00000 9
3693.00000 8
3694.00000 10
3695.00000 6
3696.00000 19
3697.00000 8
3698.00000 12
3699.00000 9
3700.00000 9
3701.00000 17
3702.00000 12
3703.00000 14
3704.00000 9
3705.00000 12
3706.00000 3
3707.00000 11
3708.00000 10
3709.00000 5
3710.00000 8
3711.00000 8
3712.00000 15
3713.00000 9
3714.00000 9
3715.00000 9
3716.00000 10
3717.00000 10
3718.00000 5
3719.00000 8
3720.00000 13
3721.00000 8
3722.00000 10
3723.00000 8
3724.00000 6
3725.00000 10
3726.00000 13
3727.00000 9
3728.00000 3
3729.00000 8
3730.00000 13
3731.00000 19
3732.00000 8
3733.00000 6
3734.00000 11
3735.00000 5
3736.00000 11
3737.00000 8
3738.00000 20
3739.00000 12
3740.00000 9
3741.00000 11
3742.00000 5
3743.00000 9
3744.00000 13
3745.00000 13
3746.00000 7
3747.00000 11
3748.00000 19
3749.00000 15
3750.00000 15
3751.00000 17
3752.00000 13
3753.00000 11
3754.00000 13
3755.00000 4
3756.00000 5
3757.00000 4
3758.00000 13
3759.00000 8
3760.00000 8
3761.00000 14
3762.00000 11
3763.00000 13
3764.00000 8
3765.00000 12
3766.00000 11
3767.00000 8
3768.00000 7
3769.00000 7
3770.00000 8
3771.00000 15
3772.00000 11
3773.00000 9
3774.00000 14
3775.00000 13
3776.00000 12
3777.00000 6
3778.00000 8
3779.00000 20
3780.00000 6
3781.00000 12
3782.00000 14
3783.00000 8
3784.00000 14
3785.00000 9
3786.00000 6
3787.00000 14
3788.00000 14
3789.00000 14
3790.00000 8
3791.00000 15
3792.00000 15
3793.00000 15
3794.00000 12
3795.00000 11
3796.00000 17
3797.00000 13
3798.00000 8
3799.00000 11
3800.00000 6
3801.00000 20
3802.00000 10
3803.00000 13
3804.00000 6
3805.00000 11
3806.00000 14
3807.00000 12
3808.00000 9
3809.00000 8
3810.00000 14
3811.00000 9
3812.00000 16
3813.00000 18
3814.00000 8
3815.00000 8
3816.00000 10
3817.00000 15
3818.00000 6
3819.00000 7
3820.00000 10
3821.00000 11
3822.00000 18
3823.00000 13
3824.00000 15
3825.00000 13
3826.00000 8
3827.00000 10
3828.00000 8
3829.00000 14
3830.00000 16
3831.00000 5
3832.00000 11
3833.00000 8
3834.00000 17
3835.00000 12
3836.00000 13
3837.00000 17
3838.00000 6
3839.00000 7
3840.00000 8
3841.00000 7
3842.00000 13
3843.00000 13
3844.00000 9
3845.00000 11
3846.00000 13
3847.00000 13
3848.00000 5
3849.00000 10
3850.00000 12
3851.00000 12
3852.00000 15
3853.00000 15
3854.00000 11
3855.00000 15
3856.00000 12
3857.00000 11
3858.00000 10
3859.00000 16
3860.00000 10
3861.00000 10
3862.00000 12
3863.00000 15
3864.00000 15
3865.00000 11
3866.00000 10
3867.00000 10
3868.00000 6
3869.00000 12
3870.00000 7
3871.00000 12
3872.00000 10
3873.00000 10
3874.00000 10
3875.00000 15
3876.00000 5
3877.00000 11
3878.00000 9
3879.00000 12
3880.00000 14
3881.00000 8
3882.00000 16
3883.00000 12
3884.00000 6
3885.00000 8
3886.00000 10
3887.00000 8
3888.00000 12
3889.00000 12
3890.00000 17
3891.00000 16
3892.00000 11
3893.00000 13
3894.00000 9
3895.00000 9
3896.00000 15
3897.00000 8
3898.00000 18
3899.00000 14
3900.00000 21
3901.00000 9
3902.00000 6
3903.00000 16
3904.00000 13
3905.00000 15
3906.00000 9
3907.00000 10
3908.00000 9
3909.00000 18
3910.00000 12
3911.00000 10
3912.00000 17
3913.00000 8
3914.00000 9
3915.00000 11
3916.00000 13
3917.00000 15
3918.00000 11
3919.00000 10
3920.00000 6
3921.00000 5
3922.00000 9
3923.00000 10
3924.00000 11
3925.00000 12
3926.00000 13
3927.00000 11
3928.00000 11
3929.00000 15
3930.00000 10
3931.00000 16
3932.00000 15
3933.00000 11
3934.00000 10
3935.00000 16
3936.00000 12
3937.00000 12
3938.00000 4
3939.00000 10
3940.00000 17
3941.00000 7
3942.00000 8
3943.00000 16
3944.00000 8
3945.00000 16
3946.00000 18
3947.00000 10
3948.00000 15
3949.00000 12
3950.00000 14
3951.00000 17
3952.00000 13
3953.00000 14
3954.00000 13
3955.00000 10
3956.00000 12
3957.00000 7
3958.00000 10
3959.00000 9
3960.00000 12
3961.00000 14
3962.00000 13
3963.00000 7
3964.00000 11
3965.00000 12
3966.00000 13
3967.00000 8
3968.00000 8
3969.00000 18
3970.00000 11
3971.00000 8
3972.00000 14
3973.00000 14
3974.00000 10
3975.00000 8
3976.00000 12
3977.00000 14
3978.00000 6
3979.00000 6
3980.00000 8
3981.00000 8
3982.00000 7
3983.00000 12
3984.00000 11
3985.00000 17
3986.00000 16
3987.00000 11
3988.00000 8
3989.00000 18
3990.00000 11
3991.00000 9
3992.00000 11
3993.00000 12
3994.00000 4
3995.00000 12
3996.00000 14
3997.00000 9
3998.00000 8
3999.00000 13
4000.00000 16
4001.00000 9
4002.00000 13
4003.00000 11
4004.00000 10
4005.00000 9
4006.00000 18
4007.00000 11
4008.00000 12
4009.00000 11
4010.00000 8
4011.00000 14
4012.00000 11
4013.00000 16
4014.00000 6
4015.00000 14
4016.00000 16
4017.00000 18
4018.00000 7
4019.00000 15
4020.00000 12
4021.00000 12
4022.00000 9
4023.00000 9
4024.00000 13
4025.00000 10
4026.00000 6
4027.00000 8
4028.00000 9
4029.00000 13
4030.00000 8
4031.00000 9
4032.00000 7
4033.00000 6
4034.00000 16
4035.00000 7
4036.00000 12
4037.00000 9
4038.00000 8
4039.00000 10
4040.00000 16
4041.00000 5
4042.00000 13
4043.00000 11
4044.00000 5
4045.00000 12
4046.00000 11
4047.00000 14
4048.00000 11
4049.00000 8
4050.00000 14
4051.00000 11
4052.00000 13
4053.00000 16
4054.00000 10
4055.00000 10
4056.00000 10
4057.00000 13
4058.00000 15
4059.00000 12
4060.00000 13
4061.00000 10
4062.00000 11
4063.00000 13
4064.00000 11
4065.00000 10
4066.00000 12
4067.00000 16
4068.00000 13
4069.00000 10
4070.00000 13
4071.00000 7
4072.00000 10
4073.00000 7
4074.00000 14
4075.00000 12
4076.00000 10
4077.00000 4
4078.00000 13
4079.00000 11
4080.00000 11
4081.00000 9
4082.00000 9
4083.00000 7
4084.00000 6
4085.00000 16
4086.00000 9
4087.00000 10
4088.00000 9
4089.00000 12
4090.00000 5
4091.00000 8
4092.00000 14
4093.00000 8
4094.00000 10
4095.00000 13
4096.00000 10
